ftsW	10	99172	C->T	NSYN	770	257	P->L			E_1	0	0	0	0	0	0	NA	0.446601941747573	0.8375	0.836734693877551	0.636363636363636	212	72	119	42	30	120	NA	103	80	98	121
ydhU	129	1749771	G->A	NSYN	578	193	P->L			E_1	0	0	0	0	0	0	NA	0.541666666666667	0.821428571428571	0.90625	0.610687022900763	325	122	119	78	57	130	NA	144	140	160	131
rpoD	335	3214660	A->G	SYN	1614	538	E->E			E_4	0.0258064516129032	0.123809523809524	0.087719298245614	0.0636363636363636	0.218390804597701	0.134020618556701	0.144578313253012	0.0659340659340659	0.103448275862069	0.0471698113207547	0.0143884892086331	155	105	57	110	87	97	83	91	58	106	139
	428	3815879	indel;T+C		NA	NA				E_1	0	0	0	0	0	0	NA	0.401785714285714	0.0806451612903226	0.0444444444444444	0.253521126760563	153	48	91	48	30	98	NA	112	62	90	71
trkH	457	4033217	G->A	NSYN	73	25	G->R			E_6	0	0.300699300699301	0.0707964601769911	0.324074074074074	0.0263157894736842	0.0116959064327485	0	0	0	0	0	210	143	113	108	114	171	96	125	133	22	127
rpoC	482	4186605	A->C	NSYN	1256	419	H->P			E_1	0	0	0	0	0.13953488372093	0.330578512396694	NA	0	0	0	0	234	106	132	74	43	121	NA	117	124	114	126
rpoC	482	4186605	A->C	NSYN	1256	419	H->P			S_2	0	0	0	0.138297872340426	0.304347826086957	0.101851851851852	0	0	0	0	0	226	116	117	94	161	108	147	151	122	169	132
rpoC	482	4186605	A->C	NSYN	1256	419	H->P			V_3	0	0	0.0479041916167665	0.461538461538462	0.356435643564356	0.6875	0	0.281879194630872	0.150442477876106	0.102564102564103	0.0416666666666667	206	144	167	65	101	80	155	149	113	117	96
fimD	569	4545073	G->T	NCOD	NA	NA		fimD	fimI	E_1	0.0040650406504065	0	0.01	0.619047619047619	0.536585365853659	0.264150943396226	NA	0.954545454545455	0.978494623655914	0.964285714285714	0.95049504950495	246	75	100	63	41	106	NA	132	93	112	101
fimD	569	4545073	G->T	NCOD	NA	NA		fimD	fimI	S_5	0	0	0	0.0526315789473684	0.576086956521739	0.67515923566879	0.994565217391304	0.973684210526316	0.982954545454545	0.970873786407767	0.981707317073171	201	155	162	114	184	157	184	152	176	103	164
fimD	569	4545073	G->T	NCOD	NA	NA		fimD	fimI	Y_2	0	0	0.00595238095238095	0.467532467532468	0.177570093457944	0.223684210526316	0.292682926829268	0.392156862745098	0.325757575757576	0.357954545454545	0.181208053691275	177	104	168	77	107	76	164	153	132	176	149
fimD	569	4545073	G->T	NCOD	NA	NA		fimD	fimI	V_6	0.00492610837438424	0	0	0	0.125	0.385416666666667	0.784615384615385	0.786764705882353	1	0.964646464646465	0.966666666666667	203	127	165	84	112	96	65	136	35	198	60
fimD	569	4545073	G->T	NCOD	NA	NA		fimD	fimI	A_6	0	0	0	0	0	0	0.00549450549450549	0	0.0942408376963351	0.769230769230769	0.726027397260274	153	126	155	109	156	92	182	127	191	104	146
ftsP	742	3161975	C->G	NSYN	695	232	R->P			E_2	0	0	0	0	0	NA	0.476635514018692	0.193548387096774	0.510416666666667	0.382716049382716	0.228571428571429	238	99	151	129	100	NA	107	186	96	162	105
cytR	778	4123457	G->A	NSYN	1000	334	R->W			E_2	0	0	0	0	0	NA	0	0.0342857142857143	0.487394957983193	0.378698224852071	0.297709923664122	232	108	149	127	92	NA	122	175	119	169	131
fimA	793	4543375	T->G	NSYN	261	87	N->K			E_2	0	0	0	0	0	NA	0.216	0.496503496503497	0.395604395604396	0.503448275862069	0.669811320754717	234	111	188	134	85	NA	125	143	91	145	106
fimD	796	4545036	G->T	NCOD	NA	NA		fimD	fimI	E_2	0	0	0	0.0774647887323944	0.827586206896552	NA	0.652542372881356	0.805555555555556	0.932692307692308	1	0.982758620689655	255	115	183	142	87	NA	118	180	104	148	116
	821	1355153	indel;-12		NA	NA				E_2	0	0	0.030188679245283	0.446601941747573	0.840764331210191	NA	0.988235294117647	0.983471074380165	0.985915492957746	0.990566037735849	0.980769230769231	175.5	88.5	132.5	103	78.5	NA	85	121	71	106	104
	824	2175868	indel;-5		NA	NA				Y_1	0	0	0	0	0	0	0.0180505415162455	0	0.00881834215167548	0.482412060301508	0.183861082737487	128.7	70.9	109.8	95.8	84.3	70.9	110.8	138.9	113.4	99.5	97.9
ftsI	848	92262	A->G	NSYN	850	284	N->D			V_6	0	0	0	0.0128205128205128	0	0.025974025974026	0.659090909090909	0.460176991150442	0.8125	0.83030303030303	0.758620689655172	208	113	180	78	121	77	88	113	48	165	58
fimA	1145	4543518	C->G	NSYN	404	135	T->R			E_3	0	0	0	0	0	0	0	0	0.015748031496063	0.808823529411765	0.6171875	239	110	106	132	79	68	152	67	127	136	128
fimD	1146	4545071	C->A	NCOD	NA	NA		fimD	fimI	E_3	0	0	0	0.155172413793103	0.239130434782609	0.277777777777778	0.993421052631579	0.961904761904762	0.991803278688525	0.993589743589744	1	245	112	132	174	46	54	152	105	122	156	144
fimD	1146	4545071	C->A	NCOD	NA	NA		fimD	fimI	V_1	0	0	0	0	0	0	0	0	0.449664429530201	0.5	0.477777777777778	203	96	132	65	131	65	159	146	149	156	90
fimD	1146	4545071	C->A	NCOD	NA	NA		fimD	fimI	V_4	0	0	0.00523560209424084	0.00854700854700855	0.563380281690141	0.705035971223022	0.786885245901639	0.616279069767442	0.625	0.698795180722892	0.891089108910891	203	194	191	117	213	139	122	172	184	166	101
acpP	1204	1151627	G->A	NSYN	13	5	E->K			E_3	0	0.0208333333333333	0.09	0.310344827586207	0.323076923076923	0.262295081967213	1	0.989583333333333	1	1	1	186	144	100	145	65	61	151	96	114	153	128
gtrS	1296	2470451	G->A	NSYN	1321	441	V->I			E_4	0	0	0	0	0	0	0	0	0.0143884892086331	0.08	0.231132075471698	263	292	160	221	226	251	247	210	139	200	212
ftsB	1319	2872565	G->T	NSYN	256	86	R->S			E_4	0	0	0	0	0.0236220472440945	0.116504854368932	0.814285714285714	0.922330097087379	0.957746478873239	0.952	0.993865030674847	183	144	102	123	127	103	140	103	71	125	163
trkH	1382	4033595	C->T	NSYN	451	151	P->S			E_4	0	0.390243902439024	0.857142857142857	0.855345911949686	0.777027027027027	0.92436974789916	1	1	0.968421052631579	1	0.989690721649485	146	164	77	159	148	119	169	134	95	148	194
trkH	1382	4033595	C->T	NSYN	451	151	P->S			Y_3	0	0.432432432432432	0.920731707317073	0.956043956043956	0.902654867256637	0.649350649350649	NA	0.969924812030075	0.990384615384615	0.990654205607477	1	132	74	164	91	113	77	NA	133	104	107	138
trkH	1382	4033595	C->T	NSYN	451	151	P->S			Y_4	0	0.473684210526316	0.726190476190476	0.771929824561403	0.977777777777778	1	1	0.990909090909091	0.981818181818182	1	0.98936170212766	132	114	84	114	135	77	84	110	110	72	94
fimD	1411	4545085	C->G	NCOD	NA	NA		fimD	fimI	E_4	0	0	0.491071428571429	0.841379310344828	0.837662337662338	0.962406015037594	1	0.993670886075949	0.990909090909091	1	0.990196078431373	224	180	112	145	154	133	158	158	110	133	204
fimD	1411	4545085	C->G	NCOD	NA	NA		fimD	fimI	S_1	0	0	0	0	0	0	0	0.0223880597014925	0.239669421487603	0.263803680981595	0.196078431372549	178	69	134	96	74	58	141	134	121	163	153
fimD	1411	4545085	C->G	NCOD	NA	NA		fimD	fimI	Y_3	0	0	0.109452736318408	0.921052631578947	0.87218045112782	0.594059405940594	NA	0.955752212389381	0.941176470588235	0.99	1	171	87	201	76	133	101	NA	113	119	100	149
fimD	1411	4545085	C->G	NCOD	NA	NA		fimD	fimI	V_5	0	0.00434782608695652	0	0	0	0	0	0.0353982300884956	0.589403973509934	0.671641791044776	0.758241758241758	190	230	135	135	111	137	198	113	151	67	182
arcA	1414	4640201	C->T	NSYN	106	36	G->S			E_4	0	0	0.00833333333333333	0	0.100877192982456	0.636363636363636	0.0126582278481013	0	0	0	0	280	302	120	234	228	176	237	247	164	184	276
ybjN	1418	893015	G->A	NSYN	59	20	G->E			E_4	0	0	0	0	0	0	0	0.00746268656716418	0.0879120879120879	0.150943396226415	0.222222222222222	233	188	90	162	148	117	119	134	91	106	189
	1448	4123536	indel;+GCTT		NA	NA				E_4	0	0	0	0	0	0	0	0.00772797527047913	0.0118483412322275	0.0685871056241426	0.246507806080526	182.4	152.4	76	145.9	129.4	111	185.9	129.4	84.4	145.8	243.4
yejM	1546	2284995	C->A	NSYN	620	207	P->Q			E_5	0	0	0	0	0	0	0	0	0	0.0529100529100529	0.311111111111111	320	106	129	130	155	123	132	159	119	189	135
alaA	1563	2407045	T->C	NCOD	NA	NA		alaA		S_1	0.00396825396825397	0	0.136363636363636	0.4	0.635593220338983	0.735294117647059	0.00578034682080925	0	0	0	0	252	119	132	120	118	68	173	151	178	221	203
alaA	1563	2407045	T->C	NCOD	NA	NA		alaA		S_2	0.00396825396825397	0	0.0522875816993464	0.285714285714286	0.264900662251656	0.411214953271028	0	0	0	0	0	252	162	153	77	151	107	250	198	159	223	153
alaA	1563	2407045	T->C	NCOD	NA	NA		alaA		S_3	0.00396825396825397	0	0	0.0492957746478873	0.138297872340426	0.427184466019417	0.0386740331491713	0	0	0	0	252	165	118	142	94	103	181	206	165	246	114
trkH	1646	4033614	G->C	NSYN	470	157	G->A			E_5	0	0.207317073170732	0.854545454545454	0.901234567901235	0.725	0.788135593220339	1	0.989130434782609	0.980392156862745	0.993421052631579	0.976190476190476	155	82	55	81	120	118	76	92	102	152	84
fimE	1694	4542191	A->C	NSYN	155	52	D->A			E_5	0.00286532951289398	0	0.703030303030303	0.631901840490798	0.766233766233766	0.66	0.993975903614458	0.98989898989899	1	0.981900452488688	0.994594594594595	349	151	165	163	231	150	166	198	151	221	185
fimA	1695	4542681	indel;A-1	NCOD	NA	NA		fimA	fimE	V_3	0	0.00952380952380952	0	0	0.0133333333333333	0	0.23134328358209	0	0	0.00675675675675676	0.0909090909090909	141	105	133	50	75	41	134	132	74	148	88
fimD	1696	4545071	C->T	NCOD	NA	NA		fimD	fimI	E_5	0	0	0	0	0.77639751552795	0.56390977443609	0.345794392523364	0.828767123287671	0.921875	0.966101694915254	1	245	112	79	108	161	133	107	146	128	177	133
fimD	1696	4545071	C->T	NCOD	NA	NA		fimD	fimI	E_6	0	0	0	0	0.560344827586207	0.561497326203209	0.661417322834646	0.683673469387755	0.794701986754967	0.892857142857143	0.975	245	154	112	141	116	187	127	98	151	28	120
fimD	1696	4545071	C->T	NCOD	NA	NA		fimD	fimI	S_6	0	0	0	0.268041237113402	0.464516129032258	0.448529411764706	0.141975308641975	0.558620689655172	0.645390070921986	0.621052631578947	0.723756906077348	200	143	153	97	155	136	162	145	141	190	181
fimD	1696	4545071	C->T	NCOD	NA	NA		fimD	fimI	Y_6	0	0	0.458015267175573	0.814569536423841	0.564516129032258	0.402439024390244	0.503184713375796	0.818652849740933	0.879432624113475	0.946428571428571	0.984251968503937	180	150	131	151	124	164	157	193	141	168	127
fimD	1696	4545071	C->T	NCOD	NA	NA		fimD	fimI	A_4	0	0	0	0	0	0	0	0.13768115942029	0.269938650306748	0.36144578313253	0.117283950617284	156	78	167	110	127	150	137	138	163	166	162
eco	1814	2304649	C->T	NCOD	NA	NA			eco	S_5	0	0.0625	0.0540540540540541	0	0.178571428571429	0.0571428571428571	0	0.0666666666666667	0.115384615384615	0.142857142857143	0.269230769230769	37	32	37	17	28	35	24	15	26	21	26
eco	1814	2304649	C->T	NCOD	NA	NA			eco	V_5	0	0.0952380952380952	0.0344827586206897	0.263157894736842	0	0.0416666666666667	0.0454545454545455	0.0555555555555556	0.0714285714285714	0	0.0476190476190476	40	21	29	19	18	24	22	18	28	13	21
eco	1814	2304649	C->T	NCOD	NA	NA			eco	V_6	0	0.2	0.192307692307692	0.166666666666667	0.0740740740740741	0.0666666666666667	0.25	0.0714285714285714	0.166666666666667	0.0384615384615385	0.333333333333333	40	20	26	6	27	15	4	14	6	26	12
npr	1846	3348018	G->T	NSYN	53	18	R->L			E_6	0	0	0.0121951219512195	0.0136054421768707	0.0117647058823529	0.0617283950617284	0.0879120879120879	0.257425742574257	0.133858267716535	0.1	0.0230769230769231	207	106	82	147	85	162	91	101	127	30	130
ftsI	1949	92257	A->C	NSYN	845	282	N->T			S_1	0	0	0	0.169491525423729	0.305970149253731	0.0666666666666667	0.839285714285714	0.807692307692308	0.951923076923077	0.968992248062015	0.950704225352113	183	74	136	118	134	60	112	130	104	129	142
prpB	1958	348476	G->A	NCOD	NA	NA		prpB		S_1	0	0	0	0	0.0280373831775701	0.0425531914893617	0.459677419354839	0.143835616438356	0.0576923076923077	0.158273381294964	0.166666666666667	198	90	129	110	107	47	124	146	104	139	150
ydhT	1989	1749011	G->C	NSYN	549	183	D->E			S_1	0	0	0	0	0	0	0.0307692307692308	0.359154929577465	0.576923076923077	0.577922077922078	0.637037037037037	224	97	149	111	113	67	130	142	104	154	135
trkH	2085	4033607	G->A	NSYN	463	155	V->M			S_1	0.00709219858156028	0.244897959183673	0.528455284552846	0.561797752808989	0.297297297297297	0.369565217391304	1	1	1	0.976377952755906	0.967479674796748	141	49	123	89	74	46	87	137	81	127	123
trkH	2085	4033607	G->A	NSYN	463	155	V->M			S_2	0.00709219858156028	0.239583333333333	0.6	0.466666666666667	0.396039603960396	0.304347826086957	0.992307692307692	1	0.972727272727273	1	0.977272727272727	141	96	80	60	101	69	130	115	110	122	132
trkH	2085	4033607	G->A	NSYN	463	155	V->M			S_5	0.00709219858156028	0.305343511450382	0.787610619469027	0.780821917808219	0.71304347826087	0.646017699115044	0.983739837398374	0.990654205607477	0.985815602836879	0.99	0.993006993006993	141	131	113	73	115	113	123	107	141	100	143
cytR	2089	4124080	C->T	NSYN	377	126	G->D			S_1	0	0	0	0	0	0.0172413793103448	0.0416666666666667	0.56	0.53921568627451	0.6640625	0.635714285714286	146	56	135	107	83	58	96	100	102	128	140
fimD	2115	4545070	C->T	NCOD	NA	NA		fimD	fimI	S_2	0	0	0.0153846153846154	0.0895522388059701	0.297029702970297	0.346666666666667	0.994047619047619	0.979865771812081	1	0.993827160493827	0.988700564971751	202	83	130	67	101	75	168	149	120	162	177
fimD	2115	4545070	C->T	NCOD	NA	NA		fimD	fimI	S_3	0	0	0.021978021978022	0	0	0.3	0.187919463087248	0.296703296703297	0.0641025641025641	0.09375	0.218045112781955	202	100	91	138	69	90	149	182	156	192	133
fimD	2115	4545070	C->T	NCOD	NA	NA		fimD	fimI	Y_1	0	0	0.0087719298245614	0.195121951219512	0.653061224489796	0.807692307692308	0.78	0.899441340782123	0.956834532374101	0.971631205673759	0.823529411764706	185	72	114	82	98	52	200	179	139	141	136
fimD	2115	4545070	C->T	NCOD	NA	NA		fimD	fimI	Y_4	0	0	0	0.00709219858156028	0.82962962962963	0.933962264150943	0.828571428571429	0.94949494949495	0.897637795275591	0.983870967741935	0.972477064220184	185	101	130	141	135	106	105	99	127	124	109
fimD	2115	4545070	C->T	NCOD	NA	NA		fimD	fimI	A_2	0	0	0	0	0	0	0	0.0760233918128655	0.0859375	0.293333333333333	0.21830985915493	154	141	160	83	107	54	178	171	128	150	142
arcA	2120	4640260	C->T	NSYN	47	16	R->H			S_1	0	0	0.120481927710843	0.366666666666667	0.117117117117117	0	0	0	0	0	0	228	88	166	120	111	70	146	160	125	192	190
arcA	2120	4640260	C->T	NSYN	47	16	R->H			V_5	0	0	0	0	0.025974025974026	0.595505617977528	0.0148514851485149	0	0.00938967136150235	0	0	233	269	186	125	154	178	202	154	213	77	197
ftsW	2164	98599	C->T	NSYN	197	66	A->V			S_2	0	0	0	0	0	0.010752688172043	0	0.04	0.622950819672131	0.942857142857143	0.91566265060241	264	194	147	102	160	93	204	150	122	175	166
ftsW	2164	98599	C->T	NSYN	197	66	A->V			Y_6	0	0	0	0	0	0	0.00574712643678161	0	0.0111731843575419	0.843434343434343	0.977777777777778	215	168	187	165	164	155	174	220	179	198	180
pdxB	2203	2437680	G->T	NSYN	172	58	P->T			S_2	0	0	0	0.0816326530612245	0.272727272727273	0.25	0.91304347826087	0.961538461538462	1	0.972602739726027	0.968421052631579	114	71	88	49	88	40	92	78	72	73	95
arcB	2225	3351677	A->G	NSYN	1349	450	I->T			S_2	0	0	0.265060240963855	0.224137931034483	0.137614678899083	0	0	0	0	0	0	174	102	83	58	109	75	129	87	131	139	135
cytR	2251	4123956	G->T	NSYN	501	167	D->E			S_2	0	0	0	0	0	0.027027027027027	0.735714285714286	0.638655462184874	0.775510204081633	1	0.984615384615385	177	83	107	76	108	74	140	119	98	129	130
idnD	2270	4494288	C->A	NSYN	119	40	C->F			S_2	0	0	0	0	0	0.051948051948052	0.264367816091954	0.190789473684211	0.579831932773109	0.936305732484076	0.876811594202899	239	112	123	69	116	77	174	152	119	157	138
ftsW	2309	99426	G->C	NSYN	1024	342	G->R			S_3	0	0	0	0	0	0	0.355555555555556	0.529411764705882	0.827586206896552	0.767123287671233	0.686274509803922	171	87	68	119	51	55	90	119	116	146	102
cmtA	2412	3078837	G->T	NSYN	23	8	A->E			S_3	0	0.028735632183908	0.12751677852349	0.0542168674698795	0.0102040816326531	0	0.358823529411765	0.614754098360656	0.819587628865979	0.825783972125436	0.717791411042945	366	174	149	166	98	124	170	244	194	287	163
trkH	2455	4033698	T->A	NSYN	554	185	L->Q			S_3	0	0.141509433962264	0.142857142857143	0.0403225806451613	0	0	0.475	0.45360824742268	0.902777777777778	0.811965811965812	0.575757575757576	101	106	63	124	48	40	80	97	72	117	99
trkH	2455	4033698	T->A	NSYN	554	185	L->Q			Y_1	0	0.666666666666667	0.802469135802469	0.957746478873239	0.901098901098901	0.891891891891892	0.884615384615385	0.953271028037383	0.990566037735849	1	0.974025974025974	116	60	81	71	91	37	104	107	106	83	77
hcp	2501	913849	G->A	NCOD	NA	NA		hcp	ybjE	S_3	0	0.128787878787879	0.079646017699115	0.0569105691056911	0	0	0.365079365079365	0.3875	0.814432989690722	0.781818181818182	0.533333333333333	186	132	113	123	91	82	126	160	97	165	105
flgD	2511	1132507	T->C	SYN	654	218	T->T			S_3	0	0	0	0.358208955223881	0.680555555555556	0.370786516853933	0.218978102189781	0.333333333333333	0.0163934426229508	0.0886075949367089	0.19811320754717	203	129	76	134	72	89	137	153	122	158	106
	2521	3352949	indel;-60		NA	NA				S_3	0	0	0	0.480439258750858	0.560224089635854	0.485678704856787	0.309139784946237	0.299366724237191	0.052199850857569	0.104281009879254	0.296846011131725	217.6	131.8	100.9	145.7	71.4	80.3	148.8	173.7	134.1	182.2	107.8
kgtP	2593	2726010	indel;A-1	NCOD	NA	NA		kgtP	rrfG	S_4	0	0	0	0	0	0	0	0	0.015625	0.133333333333333	0.364406779661017	173	116	115	124	102	129	163	122	128	120	118
cytR	2619	4123456	C->A	NSYN	1001	334	R->L			S_4	0	0.00970873786407767	0	0	0	0	0	0	0.0078125	0.120567375886525	0.481481481481481	194	103	115	86	152	137	234	135	128	141	162
cytR	2621	4123822	C->T	NSYN	635	212	R->H			S_4	0	0	0	0	0	0	0	0	0.220689655172414	0.544303797468354	0.127388535031847	220	128	108	126	122	106	215	144	145	158	157
kdpD	2634	722998	A->G	NSYN	1417	473	S->P			S_4	0	0.122448979591837	0.441666666666667	0.480314960629921	0.564356435643564	0.650684931506849	0.960893854748603	0.955357142857143	0.982456140350877	0.974358974358974	0.983870967741935	256	147	120	127	101	146	179	112	114	117	124
fimD	2641	4545100	C->T	NSYN	5	2	S->L			S_4	0	0	0	0	0	0.00869565217391304	0.702857142857143	0.83969465648855	0.89922480620155	0.939393939393939	0.974576271186441	171	146	88	95	104	115	175	131	129	132	118
fimD	2641	4545100	C->T	NSYN	5	2	S->L			V_5	0	0.00431034482758621	0	0	0	0.0538461538461538	0.458563535911602	0.14018691588785	0.0694444444444444	0.116883116883117	0	189	232	139	120	116	130	181	107	144	77	179
arcA	2650	4640071	A->T	NSYN	236	79	F->Y			S_4	0	0	0	0.0458715596330275	0.328125	0.360655737704918	0.0147783251231527	0	0.00714285714285714	0	0	240	150	99	109	128	122	203	131	140	123	121
	2668	2948979	indel;-78		NA	NA				S_4	0	0	0	0	0	0	0	0	0.184108527131783	0.493119266055046	0.0831255195344971	177	105.8	89.1	91.3	103.2	126.4	149	100.3	103.2	87.2	120.3
insE1	2680	314350	T->G	NCOD	NA	NA		insE1		S_5	0	0	0	0	0	0	0	0.00694444444444444	0.0193548387096774	0.206106870229008	0.231707317073171	197	199	172	120	195	172	183	144	155	131	164
ftsE	2731	3602333	A->G	NSYN	415	139	S->P			S_5	0	0	0	0	0	0	0	0	0.0569105691056911	0.557894736842105	0.853846153846154	135	102	100	65	101	97	145	99	123	95	130
dnaX	2748	493136	G->A	NSYN	1045	349	V->I			S_5	0	0	0	0	0	0	0	0	0.0512820512820513	0.524390243902439	0.860759493670886	156	98	77	69	81	90	87	80	117	82	79
ftsA	2781	104952	T->G	NSYN	971	324	V->G			S_6	0	0	0	0	0.00840336134453781	0	0	0	0.0350877192982456	0.403973509933775	0.535483870967742	198	111	161	103	119	120	121	130	114	151	155
trkH	2849	4033602	T->G	NSYN	458	153	L->R			S_6	0	0.321428571428571	0.75609756097561	0.861111111111111	0.732558139534884	0.675	0.956140350877193	0.972477064220184	0.990990990990991	1	0.97037037037037	150	84	123	72	86	120	114	109	111	162	135
bglJ	2876	4604322	T->G	NSYN	163	55	S->A			S_6	0	0	0	0	0	0.0342857142857143	0.222222222222222	0.219653179190751	0.160220994475138	0.07981220657277	0.0476190476190476	267	193	222	142	184	175	216	173	181	213	252
	2895	2890921	indel;-9		NA	NA				S_6	0	0	0	0.302593659942363	0.330882352941176	0.37410071942446	0.25503355704698	0.44047619047619	0.59	0.593548387096774	0.773333333333333	147.5	62.4	89.5	69.4	54.4	69.5	74.5	84	100	77.5	75
ftsW	2912	99475	T->C	NSYN	1073	358	V->A			Y_1	0	0	0	0	0	0	0	0.00662251655629139	0.00763358778625954	0.528301886792453	0.19	191	74	107	87	97	68	166	151	131	106	100
topB	2940	1845729	A->C	NSYN	1232	411	L->R			Y_1	0	0	0	0	0	0	0	0.020979020979021	0.024	0.037037037037037	0.217391304347826	191	93	120	78	88	58	139	143	125	108	92
ftsP	2976	3162341	C->T	NSYN	329	110	G->D			Y_1	0	0	0.00925925925925926	0	0	0.0135135135135135	0	0.0142857142857143	0.0247933884297521	0.1875	0.412371134020619	141	77	108	115	103	74	115	140	121	112	97
cytR	3006	4123705	indel;C-1	FRAMESHIFT	752	NA				Y_1	0	0	0	0	0	0	0.0197368421052632	0.152439024390244	0.324324324324324	0.0495867768595041	0.0212765957446809	158	77	134	85	116	76	152	164	148	121	94
cytR	3007	4124413	A->G	NSYN	44	15	V->A			Y_1	0	0.0246913580246914	0	0	0	0	0.0229885057471264	0.243421052631579	0.223140495867769	0.228346456692913	0.568965517241379	184	81	113	84	86	72	174	152	121	127	116
rnb	3089	1348534	A->T	NSYN	379	127	W->R			Y_2	0	0	0	0	0	0.0697674418604651	0.101351351351351	0.303370786516854	0.5	0.596774193548387	0.588709677419355	164	118	196	101	128	86	148	178	128	124	124
rnb	3090	1348839	A->C	NSYN	74	25	V->G			Y_2	0	0	0	0	0.0135135135135135	0.032258064516129	0.22972972972973	0.153153153153153	0.116279069767442	0.173913043478261	0.138888888888889	97	52	129	61	74	31	74	111	86	69	72
	3095	1647872	T->C		NA	NA				Y_2	0	0	0	0	0	0	0.168918918918919	0.368055555555556	0.189655172413793	0.355072463768116	0.128378378378378	199	112	124	68	112	72	148	144	116	138	148
trkH	3148	4033608	T->A	NSYN	464	155	V->E			Y_2	0	0.185714285714286	0.212121212121212	0.0555555555555556	0.613636363636364	0.490909090909091	0.134020618556701	0.0191082802547771	0	0	0	133	70	132	72	88	55	97	157	98	116	96
cytR	3154	4123852	C->T	NSYN	605	202	R->H			Y_2	0	0	0	0	0	0	0	0.00613496932515337	0.319727891156463	0.403846153846154	0.490066225165563	221	124	175	117	108	66	189	163	147	156	151
ybeM	3171	657524	A->G	NCOD	NA	NA		ybeM	pagP	Y_2	0	0	0	0	0	0	0	0.0341880341880342	0.192660550458716	0.185185185185185	0.293333333333333	126	98	167	65	81	49	106	117	109	108	75
icd	3187	1196220	C->T	SYN	1098	366	H->H			Y_2	0	0	0.0164835164835165	0.03	0	0	0.145833333333333	0.272108843537415	0.193333333333333	0.358974358974359	0.164772727272727	190	150	182	100	131	75	144	147	150	156	176
icd	3187	1196220	C->T	SYN	1098	366	H->H			P_5	0	0.00952380952380952	0.00540540540540541	0.024390243902439	0.03125	0.0235294117647059	0	0.116504854368932	0.204301075268817	0.183908045977011	0.0421052631578947	167	105	185	123	128	85	58	103	93	174	95
icd	3188	1196232	C->T	SYN	1110	370	T->T			Y_2	0	0	0.0109289617486339	0.0288461538461538	0	0	0.0882352941176471	0.211267605633803	0.144827586206897	0.274074074074074	0.157575757575758	180	137	183	104	135	76	136	142	145	135	165
icd	3189	1196245	T->C	SYN	1123	375	L->L			Y_2	0	0	0.00574712643678161	0.03125	0	0	0.0746268656716418	0.169230769230769	0.138888888888889	0.238461538461538	0.114649681528662	186	109	174	96	121	79	134	130	144	130	157
	3206	4021934	indel;-17		NA	NA				Y_2	0	0	0	0	0	0	0	0	0.0813008130081301	0.219512195121951	0.139194139194139	176	121.5	112.1	90.6	145.5	70	140	145.5	123	123	136.5
	3207	4123823	indel;-8		NA	NA				Y_2	0	0	0	0	0	0	0.156695156695157	0.420988407565589	0.262751159196291	0.301568154402895	0.152394775036284	192.8	117.4	178.3	112.7	114.9	76.4	140.4	163.9	129.4	165.8	137.8
	3207	4123823	indel;-8		NA	NA				Y_4	0	0	0	0	0	0	0.01001001001001	0.26530612244898	0.218531468531469	0.246343341031563	0.11119936457506	192.8	115.9	114.3	106.3	134.4	84.4	99.9	98	114.4	129.9	125.9
ftsW	3212	98943	C->A	NSYN	541	181	P->T			Y_3	0	0	0	0	0	0.245901639344262	NA	0.787610619469027	0.920863309352518	0.881118881118881	1	203	106	171	131	180	122	NA	113	139	143	206
cytR	3265	4124401	G->T	NSYN	56	19	A->E			Y_3	0	0	0	0	0	0	NA	0.075	0.663793103448276	0.660550458715596	0.875	174	82	195	120	170	113	NA	120	116	109	160
rpoC	3268	4186794	C->A	NSYN	1445	482	A->E			Y_3	0	0	0	0	0.0212765957446809	0.256578947368421	NA	0	0	0	0	183	152	232	149	235	152	NA	163	147	116	163
ydjI	3342	1857323	G->A	SYN	447	149	G->G			Y_4	0	0	0.0125786163522013	0.00869565217391304	0.842767295597484	0.965909090909091	0.858695652173913	0.931506849315068	0.857142857142857	0.934065934065934	0.975	193	144	159	115	159	88	92	73	105	91	80
yafL	3449	247214	A->G	NSYN	503	168	N->S			Y_5	0	0	0.0147058823529412	0.294520547945205	0.518072289156627	0.369127516778524	0.146341463414634	0.253846153846154	0.142857142857143	0.0142857142857143	0.116788321167883	162	110	136	146	166	149	123	130	175	140	137
sapA	3451	1356297	A->T	NSYN	814	272	W->R			Y_5	0	0	0	0.0449438202247191	0.181818181818182	0.582278481012658	0.723684210526316	0.723684210526316	0.927835051546392	0.956521739130435	0.888888888888889	113	77	117	89	99	79	76	76	97	92	81
trkA	3476	3436947	C->A	NSYN	430	144	Q->K			Y_5	0	0	0	0.218934911242604	0.162280701754386	0.111607142857143	0.033175355450237	0	0	0	0.00483091787439614	230	162	189	169	228	224	211	216	212	181	207
trkH	3479	4033572	T->C	NSYN	428	143	I->T			Y_5	0	0	0.00757575757575758	0.217741935483871	0.476190476190476	0.428571428571429	0.164383561643836	0.319148936170213	0.0970149253731343	0.0238095238095238	0.0880503144654088	149	90	132	124	189	147	146	141	134	126	159
NA	3484	4209685	C->A	NCRNA	NA	NA				Y_5	0	0	0	0	0	0.324675324675325	0.752941176470588	0.419753086419753	0.372093023255814	0.10958904109589	0	74	65	61	67	81	77	85	81	86	73	69
glyX	3486	4391527	C->T	NCOD	NA	NA		glyX		Y_5	0	0	0.004	0	0	0	0.0488888888888889	0.245833333333333	0.0917874396135266	0.028169014084507	0.113138686131387	252	209	250	207	285	250	225	240	207	213	274
clpX	3488	458028	C->G	NSYN	603	201	D->E			Y_5	0	0	0	0	0	0	0	0	0.15819209039548	0.857142857142857	0.808641975308642	194	149	182	161	190	148	187	157	177	140	162
fimD	3495	4545086	C->A	NCOD	NA	NA		fimD	fimI	Y_5	0	0.016	0.617647058823529	0.4	0.323170731707317	0.510489510489511	0.8	0.79874213836478	0.936170212765957	0.966942148760331	0.896296296296296	166	125	136	120	164	143	155	159	141	121	135
sapA	3517	1356239	A->T	NSYN	872	291	L->Q			Y_6	0	0	0	0.021978021978022	0.109375	0.303030303030303	0.604395604395604	0.793103448275862	0.880597014925373	0.956043956043956	0.985294117647059	115	74	78	91	64	66	91	87	67	91	68
yhjA	3560	3667934	C->T	NSYN	1255	419	V->M			Y_6	0	0	0	0	0	0	0	0	0	0.641975308641975	0.788321167883212	175	128	138	122	100	133	174	218	142	162	137
spoT	3564	3824444	C->A	NSYN	2045	682	A->E			Y_6	0	0	0	0	0	0.0895522388059701	0.543046357615894	0.818181818181818	0.869565217391304	0.977941176470588	0.990909090909091	129	108	75	116	87	134	151	154	92	136	110
trkH	3567	4034352	C->A	NSYN	1208	403	A->D			Y_6	0.0062111801242236	0	0	0.0140845070422535	0.324561403508772	0.473684210526316	0.0406976744186047	0.0425531914893617	0.0116279069767442	0	0	161	142	138	142	114	133	172	188	172	187	131
fimI	3581	4542986	indel;A-1	NCOD	NA	NA		fimI	fimE	Y_6	0	0	0	0	0	0	0.35	0.105263157894737	0.214285714285714	0	0.133333333333333	184	53	27	29	38	28	20	38	14	13	15
fimA	3582	4543317	A->C	NSYN	203	68	E->A			Y_6	0	0	0	0.00740740740740741	0	0.00709219858156028	0.267605633802817	0.137724550898204	0.110294117647059	0.0282485875706215	0.00757575757575758	161	164	113	135	107	141	142	167	136	177	132
hcp	3587	913831	G->A	NCOD	NA	NA		hcp	ybjE	Y_6	0	0	0	0	0	0	0	0.466292134831461	0.876811594202899	0.975409836065574	0.980769230769231	154	183	204	215	158	173	186	178	138	122	104
ydcI	3620	1494483	C->T	NSYN	589	197	V->M			V_1	0	0	0	0	0	0	0.196531791907514	0.283464566929134	0.0625	0.00833333333333333	0	194	117	123	68	128	77	173	127	112	120	90
ydcI	3621	1494618	C->T	NSYN	454	152	D->N			V_1	0	0	0	0	0	0	0.183206106870229	0.26271186440678	0.153846153846154	0.0542635658914729	0.0222222222222222	181	78	109	58	151	101	131	118	117	129	90
flu	3633	2071308	G->T	NCOD	NA	NA		flu	yoeA	V_1	0	0	0	0	0	0	0	0.00523560209424084	0.312925170068027	0.402912621359223	0.550335570469799	291	151	89	100	100	163	190	191	147	206	149
rcsB	3647	2316706	G->A	NSYN	530	177	R->H			V_1	0	0.269230769230769	0.977272727272727	1	0.992	0.971153846153846	1	1	0.991803278688525	0.991666666666667	0.988095238095238	155	78	88	71	125	104	129	98	122	120	84
hslO	3684	3530306	A->C	NSYN	533	178	Q->P			V_1	0	0	0	0	0	0	0.0106382978723404	0	0.172839506172839	0.4375	0.518518518518518	116	52	93	35	92	47	94	79	81	64	54
cytR	3703	4123775	T->G	NSYN	682	228	T->P			V_1	0	0	0	0	0	0	0	0	0	0.38135593220339	0.344444444444444	192	97	155	64	128	87	123	111	113	118	90
fimA	3726	4543518	C->A	NSYN	404	135	T->K			V_1	0	0	0	0	0	0	0	0.155172413793103	0.227941176470588	0.0714285714285714	0.00819672131147541	200	96	107	82	143	94	130	116	136	140	122
yhdJ	3817	3411620	G->T	NCOD	NA	NA		yhdJ	dusB	V_2	0	0	0.389312977099237	0.189473684210526	0.567164179104478	0.9	0.663793103448276	0.134615384615385	0.0201342281879195	0	0.00591715976331361	230	99	131	95	134	90	116	104	149	121	169
yhdJ	3817	3411620	G->T	NCOD	NA	NA		yhdJ	dusB	V_3	0	0	0.56043956043956	0.412698412698413	0.637254901960784	0.36046511627907	0.533742331288344	0.71195652173913	0.93984962406015	0.878306878306878	0.596491228070175	230	115	182	63	102	86	163	184	133	189	114
rpoA	3819	3440068	C->T	STOPGAIN	962	321	W->X			V_2	0	0	0.0718954248366013	0.434343434343434	0.180124223602484	0.055045871559633	0	0	0	0	0.00689655172413793	238	105	153	99	161	109	115	105	153	104	145
rpoA	3819	3440068	C->T	STOPGAIN	962	321	W->X			V_4	0	0.286666666666667	0.979591836734694	1	0.995633187772926	0.981707317073171	1	1	1	0.994350282485876	0.981566820276498	238	150	147	115	229	164	142	159	181	177	217
rpoA	3819	3440068	C->T	STOPGAIN	962	321	W->X			V_5	0	0.331491712707182	0.15625	0	0	0	0	0	0	0	0	238	181	128	148	147	140	262	162	239	84	173
tufA	3820	3471374	C->A	NCOD	NA	NA		tufA	fusA	V_2	0	0	0	0.00628930817610063	0.0956937799043062	0.0205479452054795	0	0.73125	0.482412060301508	0.748538011695906	0.802030456852792	269	108	130	159	209	146	188	160	199	171	197
tufA	3820	3471374	C->A	NCOD	NA	NA		tufA	fusA	V_3	0	0	0	0	0	0.0120481927710843	0.145348837209302	0	0	0	0.285714285714286	269	233	211	59	140	83	172	190	131	210	217
hslO	3822	3529864	A->C	NSYN	91	31	I->L			V_2	0	0	0.00938967136150235	0.367816091954023	0.169811320754717	0.0714285714285714	0	0	0	0	0	173	57	213	87	106	70	122	103	146	105	163
rpoC	3837	4189438	C->A	STOPGAIN	4089	1363	Y->X			V_2	0	0	0.238095238095238	0.261261261261261	0.18	0.0365853658536585	0	0.934782608695652	0.983333333333333	0.989473684210526	0.993103448275862	166	63	147	111	100	82	91	92	120	95	145
rpoC	3837	4189438	C->A	STOPGAIN	4089	1363	Y->X			V_3	0	0	0	0	0	0	0.349693251533742	0	0	0	0.452054794520548	166	103	179	83	93	71	163	172	112	141	73
ybeD	3849	662471	C->A	NSYN	172	58	V->L			V_2	0	0.974137931034483	0.87719298245614	0.544	0.780104712041885	0.895104895104895	0	0.96319018404908	0.984210526315789	0.994117647058824	0.991596638655462	288	116	171	125	191	143	162	163	190	170	238
ybeD	3849	662471	C->A	NSYN	172	58	V->L			V_3	0	0.00510204081632653	0	0	0	0	0.986175115207373	0	0	0	0.475409836065574	288	196	239	66	152	97	217	203	129	177	122
lptE	3850	671886	T->A	NSYN	301	101	I->F			V_2	0	0.971428571428571	0.885542168674699	0.475247524752475	0.731707317073171	0.904255319148936	0	1	0.984251968503937	1	0.993506493506494	222	70	166	101	123	94	140	119	127	113	154
lptE	3850	671886	T->A	NSYN	301	101	I->F			V_3	0	0	0	0	0	0	0.994011976047904	0	0	0	0.468468468468468	222	148	186	75	109	73	167	186	108	150	111
fimD	3861	4545086	C->T	NCOD	NA	NA		fimD	fimI	V_2	0	0	0	0	0	0.0476190476190476	0	0.15	0.495934959349593	0.186440677966102	0.239263803680982	188	42	165	84	103	63	116	100	123	118	163
fimD	3861	4545086	C->T	NCOD	NA	NA		fimD	fimI	V_3	0	0	0	0	0	0	0.224358974358974	0	0	0	0.0394736842105263	188	125	162	58	71	47	156	165	120	158	76
yjtD	3865	4640346	T->A	NCOD	NA	NA		yjtD	creD	V_2	0	0	0	0	0	0.848101265822785	0	0.078740157480315	0	0.0283687943262411	0.00904977375565611	247	72	187	124	156	79	151	127	155	141	221
yjtD	3865	4640346	T->A	NCOD	NA	NA		yjtD	creD	V_3	0	0	0	0	0	0	0.502564102564103	0	0	0	0.0169491525423729	247	180	203	78	96	92	195	213	126	154	118
aroH	3930	1789035	G->A	NSYN	601	201	A->T			V_3	0	0	0	0	0	0	0	0.410596026490066	0.37037037037037	0.412790697674419	0.238805970149254	209	115	167	72	71	90	165	151	135	172	67
guaD	3970	3026919	A->C	NSYN	1154	385	E->A			V_3	0	0	0	0.137254901960784	0.0847457627118644	0.372093023255814	0.00833333333333333	0.266129032258065	0.00909090909090909	0.105263157894737	0.111111111111111	111	70	152	51	59	43	120	124	110	114	54
yhdJ	3993	3411599	C->A	NCOD	NA	NA		yhdJ	dusB	V_3	0	0	0.00537634408602151	0	0	0.632183908045977	0	0.205263157894737	0.0144927536231884	0.0995024875621891	0.0288461538461538	233	123	186	57	110	87	155	190	138	201	104
yhdJ	3993	3411599	C->A	NCOD	NA	NA		yhdJ	dusB	V_6	0	0	0	0.0333333333333333	0.5859375	0.204819277108434	0.0106382978723404	0	0	0	0	233	103	172	60	128	83	94	137	46	210	88
	3994	3419873	T->A		NA	NA				V_3	0	0	0	0	0.00952380952380952	0.0493827160493827	0	0.728643216080402	0.844594594594595	0.899122807017544	0.318181818181818	237	148	210	87	105	81	191	199	148	228	154
cytR	4018	4124465	C->A	NCOD	NA	NA		cytR	priA	V_3	0	0	0	0	0	0	0	0.438356164383562	0.40495867768595	0.492537313432836	0.318681318681319	161	88	164	57	73	64	157	146	121	134	91
ybeD	4038	662513	T->G	NSYN	130	44	T->P			V_3	0	0.0216216216216216	0.50197628458498	0.520547945205479	0.529411764705882	0.230769230769231	0.00386100386100386	0.598039215686274	0.910569105691057	0.86144578313253	0.368421052631579	325	185	253	73	153	91	259	204	123	166	133
ybeD	4039	662552	C->T	NSYN	91	31	V->M			V_3	0	0.0935251798561151	0.197309417040359	0.393939393939394	0.469026548672566	0.8	0	0.285714285714286	0.0932203389830508	0.0855263157894737	0.0103092783505155	241	139	223	66	113	60	198	189	118	152	97
rnb	4079	1348722	A->G	NSYN	191	64	I->T			V_4	0	0	0	0	0	0	0	0	0.0866666666666667	0.0740740740740741	0.72108843537415	110	83	90	70	133	80	69	93	150	108	147
mutH	4098	2969167	G->T	NCOD	NA	NA		mutH		V_4	0	0.00316455696202532	0	0	0	0	0	0	0.15234375	0.276162790697674	0.753246753246753	354	316	353	223	465	308	309	347	256	344	77
hslO	4101	3529976	A->T	NSYN	203	68	Q->L			V_4	0	0	0.969465648854962	0.977011494252874	0.994535519125683	1	0.992424242424242	0.984962406015038	1	0.993243243243243	0.994011976047904	169	132	131	87	183	124	132	133	177	148	167
sapD	4155	1352926	C->T	NSYN	703	235	G->S			V_5	0	0.0277777777777778	0.274853801169591	0.983471074380165	0.731034482758621	0.907894736842105	0.984251968503937	1	0.992592592592593	0.985294117647059	1	209	180	171	121	145	152	127	103	135	68	165
ftsP	4176	3162408	T->A	STOPGAIN	262	88	K->X			V_5	0	0	0	0	0	0	0.047244094488189	0.256410256410256	0.514492753623188	0.819672131147541	0.711111111111111	120	129	99	110	84	86	127	117	138	61	135
dusB	4177	3411208	T->G	NSYN	929	310	L->R			V_5	0	0	0	0.0147058823529412	0	0	0.066147859922179	0.496503496503497	0.258620689655172	0.268292682926829	0.282051282051282	209	155	142	136	119	125	257	143	174	82	156
tufA	4178	3470536	A->T	NSYN	794	265	L->Q			V_5	0	0	0.255924170616114	0.982832618025751	0.754464285714286	0.917293233082707	1	1	0.996784565916399	1	1	308	292	211	233	224	266	425	293	311	199	274
cytR	4184	4123560	indel;C-1	FRAMESHIFT	897	NA				V_5	0	0	0	0	0.17	0.189473684210526	0.485436893203884	0.832214765100671	0.881443298969072	0.930555555555556	0.953020134228188	196	158	136	122	100	95	206	149	194	72	149
ybcK	4190	569155	G->T	NSYN	254	85	S->I			V_5	0	0	0	0	0	0	0.032258064516129	0.163522012578616	0.562264150943396	0.701863354037267	0.753926701570681	397	268	210	263	212	300	279	159	265	161	191
ybeD	4191	662605	G->A	NSYN	38	13	T->I			V_5	0	0.00571428571428571	0.541353383458647	0.0137931034482759	0.192307692307692	0.0367647058823529	0	0	0	0	0	201	175	133	145	104	136	170	113	140	83	140
yjhB	4196	4503693	C->T	NCOD	NA	NA		yjhB		V_5	0	0	0	0	0	0.0487804878048781	0.475728155339806	0.136363636363636	0.0560747663551402	0.0204081632653061	0.0036231884057971	332	393	236	261	257	287	309	242	321	196	276
	4206	2175882	indel;-5		NA	NA				V_5	0	0	0	0	0	0	0	0.0134228187919463	0.00896860986547085	0.363636363636364	0.542635658914729	152.9	128	113	101.5	104	100	107.5	74.5	111.5	60.5	129
rpoD	4321	3213363	G->A	NSYN	317	106	G->D			V_6	0	0.255102040816327	0.0125	0	0	0	0	0	0	0	0	159	98	160	71	122	83	79	148	30	153	63
yhdJ	4325	3411621	C->A	NCOD	NA	NA		yhdJ	dusB	V_6	0	0	0	0	0.0140845070422535	0.0476190476190476	0.275510204081633	0.204225352112676	0	0.0432692307692308	0.0266666666666667	229	111	171	72	142	84	98	142	44	208	75
tufA	4327	3471374	C->T	NCOD	NA	NA		tufA	fusA	V_6	0	0	0	0	0	0	0	0.244565217391304	0.135135135135135	0.147368421052632	0.165289256198347	269	175	255	125	231	153	130	184	74	285	121
fusA	4328	3471617	C->A	NSYN	1898	633	G->V			V_6	0	0	0	0	0.0533333333333333	0.421052631578947	0.0121951219512195	0.0296296296296296	0	0	0	208	108	178	86	150	95	82	135	44	212	69
hslO	4332	3529960	G->A	NSYN	187	63	G->S			V_6	0	0.0114942528735632	0.315789473684211	0.807017543859649	0.292929292929293	0.533333333333333	0.984375	0.93	1	0.98780487804878	1	183	87	152	57	99	75	64	100	29	164	55
ybeD	4398	662450	T->G	NSYN	193	65	T->P			V_6	0	0.00675675675675676	0.508620689655172	0.0240963855421687	0.635416666666667	0.5	0.0588235294117647	0.01875	0	0	0	267	148	232	83	192	156	102	160	74	191	90
gyrA	4508	2339291	C->T	NSYN	130	44	V->I			A_1	0	0	0	0.00775193798449612	0.0108695652173913	0.597938144329897	0.923076923076923	NA	0.982142857142857	0.988023952095808	0.992307692307692	205	136	71	129	92	97	117	NA	112	167	130
argK	4525	3063510	A->C	NSYN	524	175	Q->P			A_1	0	0	0	0	0	0	0.858585858585859	NA	1	0.991304347826087	1	145	142	48	102	88	81	99	NA	103	115	106
tufA	4619	3471330	G->T	NCOD	NA	NA		tufA	fusA	A_1	0	0	0.00617283950617284	0	0	0	0	NA	0.294460641399417	0.470394736842105	0.456375838926175	243	300	162	296	220	304	306	NA	343	304	298
tufA	4619	3471330	G->T	NCOD	NA	NA		tufA	fusA	A_4	0	0.401015228426396	0.995833333333333	0.990990990990991	0.97737556561086	1	0.987704918032787	0.993846153846154	1	1	0.993617021276596	243	197	240	222	221	236	244	325	304	334	470
rpoB	4640	4180962	G->T	NCOD	NA	NA		rpoB	rplJ	A_1	0	0	0	0	0	0	0.907692307692308	NA	0.99	0.983333333333333	0.984848484848485	127	144	45	84	46	72	65	NA	100	120	66
rpsA	4678	962939	C->A	NSYN	945	315	N->K			A_1	0	0	0	0.870967741935484	0.60655737704918	0.611940298507463	1	NA	0.980582524271845	0.988095238095238	0.96551724137931	144	132	65	62	61	67	74	NA	103	84	58
narQ	4728	2586365	C->A	NSYN	635	212	A->E			A_2	0	0	0.00746268656716418	0	0	0	0.00680272108843537	0.00862068965517241	0.00943396226415094	0.252032520325203	0.153846153846154	112	113	134	66	84	38	147	116	106	123	91
tufA	4761	3471270	G->A	SYN	60	20	H->H			A_2	0.00408163265306122	0.970238095238095	0.962365591397849	0.991735537190083	0.983606557377049	1	0.995555555555556	0.984984984984985	0.991071428571429	0.991150442477876	0.993421052631579	245	168	186	121	122	95	225	333	224	226	152
rpmE	4779	4127203	T->C	NSYN	191	64	F->S			A_2	0	0	0	0.596491228070175	0.816666666666667	0.676470588235294	0	0	0	0	0	85	93	137	57	60	34	151	105	95	72	95
nrdR	4789	433256	A->T	NSYN	255	85	E->D			A_2	0	0	0	0	0	0	0.0307692307692308	0.0697674418604651	0.112359550561798	0.211111111111111	0.767676767676768	97	91	98	59	57	20	130	86	89	90	99
rpsF	4794	4425358	A->G	NSYN	241	81	N->D			A_2	0	0	0	0.0078125	0.0614035087719298	0.192307692307692	0.918918918918919	0.863013698630137	0.939130434782609	0.751724137931034	0.896	181	147	183	128	114	78	185	146	115	145	125
rpsA	4801	963530	C->A	NSYN	1536	512	N->K			A_2	0	0	0	0	0	0	0	0	0.0135135135135135	0.215686274509804	0.156626506024096	118	108	109	91	84	39	147	108	74	51	83
	4811	3315405	indel;-21		NA	NA				A_2	0	0	0	0	0	0	0	0	0	0.269360269360269	0.141206675224647	78.4	93.8	100.7	61.5	52.9	21.6	131	70.4	77.5	59.4	77.9
	4812	3411206	indel;-9		NA	NA				A_2	0	0	0	0	0	0	0	0	0	0.0804953560371517	0.713692946058091	133.5	147.5	166.5	112	87	58.5	177.5	212	162.5	161.5	120.5
	4815	3960893	indel;-48		NA	NA				A_2	0	0	0	0	0	0.0200400801603206	0.0138888888888889	0.0465735196274118	0.0664206642066421	0.264900662251656	0.119402985074627	147.8	125.5	135.7	104.1	88.9	49.9	144	150.3	135.5	90.6	134
rplS	4897	2744223	C->G	NSYN	308	103	R->P			A_3	0	0	0	0.03	0.615853658536585	0.969230769230769	0.78030303030303	0.938775510204082	1	0.989583333333333	1	232	183	245	100	164	65	132	196	127	192	159
ansB	4919	3099842	G->A	NSYN	887	296	P->L			A_3	0	0	0	0	0.7109375	0.931818181818182	0.8	0.974747474747475	0.981132075471698	0.991150442477876	0.982456140350877	125	177	171	58	128	44	100	198	106	113	114
tufA	4938	3471246	C->T	SYN	84	28	L->L			A_3	0	0	0.448979591836735	0.971014492753623	0.993788819875776	0.962264150943396	0.994505494505495	0.997512437810945	1	0.997167138810198	1	206	342	294	69	161	53	182	402	216	353	324
fimA	4993	4543503	C->A	NSYN	389	130	T->K			A_3	0	0	0	0	0	0	0	0	0.50381679389313	0.639344262295082	0.605442176870748	166	220	223	78	167	72	135	221	131	183	147
torS	5006	1054640	C->T	SYN	1539	513	S->S			A_3	0	0	0	0	0	0.0277777777777778	0.0826446280991736	0.298076923076923	0.279569892473118	0.166666666666667	0.216666666666667	134	168	207	59	127	36	121	208	93	168	120
lhr	5042	1730428	G->A	NSYN	1342	448	A->T			A_4	0	0	0	0	0.00662251655629139	0	0	0	0.00775193798449612	0.0155038759689922	0.447513812154696	188	99	230	146	151	184	122	112	129	129	181
infB	5070	3313449	G->A	NSYN	2566	856	R->C			A_4	0	0	0	0	0	0.0708661417322835	0.248704663212435	0.128654970760234	0.329032258064516	0.319277108433735	0.155339805825243	198	90	167	150	136	127	193	171	155	166	206
rpsF	5097	4425363	T->G	NSYN	246	82	D->E			A_4	0	0	0	0.142857142857143	0.65	0.707964601769911	0.254777070063694	0.767441860465116	0.688	0.62043795620438	0.865921787709497	177	88	158	161	120	113	157	172	125	137	179
relA	5143	2912594	G->A	NSYN	1058	353	A->V			A_5	0	0	0	0	0	0	0	0	0	0.217741935483871	0.850877192982456	198	103	180	153	166	131	106	193	156	124	114
yhdJ	5151	3411600	G->T	NCOD	NA	NA		yhdJ	dusB	A_5	0	0	0.262773722627737	0.995098039215686	0.989655172413793	0.98932384341637	0.982578397212544	0.995098039215686	0.991891891891892	1	0.996336996336996	196	220	274	204	290	281	287	408	370	323	273
yhdJ	5151	3411600	G->T	NCOD	NA	NA		yhdJ	dusB	P_2	0	0	0	0.398230088495575	0.323741007194245	0.075187969924812	0.626168224299065	0.963768115942029	NA	1	NA	186	114	134	113	139	133	107	138	NA	156	NA
yhjV	5153	3700991	T->C	SYN	429	143	A->A			A_5	0	0	0	0	0	0	0.801470588235294	0.429347826086957	0.338709677419355	0.19047619047619	0.0151515151515152	183	111	201	137	174	145	136	184	186	147	198
gyrB	5156	3879459	C->A	NSYN	661	221	G->C			A_5	0	0	0	0.0465116279069767	0.383333333333333	0.154545454545455	0.0126582278481013	0	0	0	0	108	65	134	86	120	110	79	140	170	119	117
rpsF	5165	4425191	A->G	NSYN	74	25	Y->C			A_5	0	0	0.430167597765363	0.98936170212766	0.960629921259842	0.992424242424242	0.96551724137931	0.99390243902439	0.993055555555556	1	1	191	125	179	94	127	132	87	164	144	115	129
fimD	5168	4545073	G->C	NCOD	NA	NA		fimD	fimI	A_5	0	0	0	0	0.00606060606060606	0	0	0.485875706214689	0.615384615384615	0.807692307692308	0.978260869565217	153	99	167	122	165	132	128	177	169	104	138
aceE	5177	123097	A->G	SYN	81	27	E->E			A_6	0	0	0	0	0	0	0.0394736842105263	0.333333333333333	0.37962962962963	0.0324074074074074	0.0669291338582677	239	211	203	128	233	143	228	219	216	216	254
rpsB	5179	190183	T->C	NSYN	310	104	W->R			A_6	0	0	0	0	0	0	0.136690647482014	0.37962962962963	0.346938775510204	0.0441176470588235	0.0648148148148148	121	123	118	62	113	85	139	108	147	136	108
rspA	5189	1654227	C->T	SYN	915	305	S->S			A_6	0	0	0	0	0	0	0.203389830508475	0.157407407407407	0.201342281879195	0.728971962616822	0.740740740740741	192	150	140	99	154	126	118	108	149	107	108
yiiS	5223	4113002	A->G	SYN	36	12	G->G			A_6	0	0	0.00628930817610063	0.0143540669856459	0.0507462686567164	0	0.387692307692308	0.523809523809524	0.351535836177474	0.0669014084507042	0.0252808988764045	315	257	318	209	335	225	325	315	293	284	356
ybbW	5228	538719	C->T	NSYN	1087	363	P->S			A_6	0	0.00869565217391304	0	0	0	0	0.0656934306569343	0.285714285714286	0.3125	0.0172413793103448	0.0434782608695652	179	115	99	96	121	110	137	119	144	116	115
ybeF	5232	660703	C->T	NSYN	676	226	G->S			A_6	0	0	0	0	0.00632911392405063	0	0	0	0.0822784810126582	0.79020979020979	0.798449612403101	167	128	171	117	158	125	172	173	158	143	129
rpsF	5233	4425361	G->T	NSYN	244	82	D->Y			A_6	0	0.622222222222222	0.962264150943396	0.990384615384615	0.994413407821229	1	1	0.993865030674847	0.994652406417112	1	1	181	135	159	104	179	103	156	163	187	170	162
fimA	5236	4543496	G->A	NSYN	382	128	D->N			A_6	0	0	0	0	0	0	0.0374331550802139	0.353658536585366	0.434146341463415	0.0202702702702703	0.0222222222222222	180	139	156	93	144	127	187	164	205	148	180
ymgC	5282	1216981	A->G	SYN	234	78	E->E			P_1	0	0	0	0	0	0	0	0.0065359477124183	0.380487804878049	0.358024691358025	0	377	123	164	115	92	177	194	153	205	162	182
ydcP	5289	1506135	C->T	NCOD	NA	NA		ydcP		P_1	0	0	0	0.138461538461538	0.295774647887324	0.201388888888889	0.00813008130081301	0.0352941176470588	0.0101010101010101	0.0571428571428571	0	153	80	122	65	71	144	123	85	99	105	82
idi	5343	3033211	C->T	SYN	147	49	T->T			P_1	0	0	0.0230769230769231	0	0.0128205128205128	0.0225563909774436	0.325925925925926	0.235294117647059	0.609929078014184	0.621359223300971	0	194	82	130	80	78	133	135	119	141	103	137
rpoD	5349	3213379	G->T	NSYN	333	111	L->F			P_1	0	0	0	0	0	0.0127388535031847	0.377777777777778	0.12	0.614754098360656	0.619047619047619	0	164	83	124	69	81	157	135	125	122	126	112
tufA	5356	3471383	G->A	NCOD	NA	NA		tufA	fusA	P_1	0	0.175324675324675	0.949275362318841	0.967741935483871	0.958762886597938	0.870588235294118	0.630434782608696	0.730769230769231	0.311926605504587	0.326086956521739	0	218	154	138	93	97	170	230	182	218	184	205
rpsG	5357	3473937	T->G	NSYN	145	49	T->P			P_1	0	0.0256410256410256	0.9375	0.98936170212766	0.986486486486487	0.914772727272727	0.590604026845638	0.668918918918919	0.34	0.328125	0.00719424460431655	199	117	96	94	74	176	149	148	150	128	139
rpsG	5358	3474105	G->A	NCOD	NA	NA		rpsG	rpsL	P_1	0	0	0.029126213592233	0.0125	0	0.0875912408759124	0.251968503937008	0.32258064516129	0.583941605839416	0.660377358490566	0	200	96	103	80	76	137	127	124	137	106	116
wecB	5420	3970639	C->A	SYN	507	169	T->T			P_1	0	0.0117647058823529	0	0.493506493506494	0.781609195402299	0.851239669421488	0.635135135135135	0.75	0.380165289256198	0.358974358974359	0	176	85	115	77	87	121	148	116	121	117	129
trkH	5425	4033611	G->A	NSYN	467	156	G->D			P_1	0	0.032258064516129	0.0108695652173913	0	0.0363636363636364	0.0227272727272727	0.222222222222222	0.307692307692308	0.625	0.635294117647059	0	151	62	92	44	55	132	63	104	88	85	78
trkH	5425	4033611	G->A	NSYN	467	156	G->D			P_5	0	0	0	0.643835616438356	0.538461538461538	0.489583333333333	0.905660377358491	1	0.991452991452991	0.977443609022556	0.991379310344828	151	84	98	73	78	96	53	94	117	133	116
argC	5438	4155950	C->T	NSYN	950	317	A->V			P_1	0	0	0	0	0	0	0.0588235294117647	0.175182481751825	0.258333333333333	0.112903225806452	0	174	94	117	72	88	150	153	137	120	124	143
ybfC	5468	736037	indel;C-1	FRAMESHIFT	388	NA				P_1	0	0	0.00819672131147541	0.310810810810811	0.246153846153846	0.11875	0.0125786163522013	0	0	0	0	192	80	122	74	65	160	159	124	154	129	117
fimA	5487	4543237	C->A	NSYN	123	41	N->K			P_1	0	0	0	0	0	0	0	0.00917431192660551	0.129032258064516	0.306930693069307	0.00900900900900901	199	93	120	85	75	154	121	109	124	101	111
fimD	5490	4545086	C->T	NCOD	NA	NA		fimD	fimI	P_1	0	0	0	0	0	0	0	0.00961538461538462	0.373831775700935	0.238636363636364	0	151	70	92	47	48	119	110	104	107	88	82
trkG	5547	1424257	G->A	NSYN	476	159	G->D			P_2	0	0	0	0.00561797752808989	0	0	0.480769230769231	0.76219512195122	NA	0.848958333333333	NA	341	207	198	178	210	182	156	164	NA	192	NA
rpsG	5576	3473751	G->A	NSYN	331	111	R->C			P_2	0	0.926229508196721	0.977611940298508	0.973333333333333	0.991803278688525	0.98989898989899	1	0.991304347826087	NA	0.98780487804878	NA	158	122	134	75	122	99	111	115	NA	164	NA
rpsG	5576	3473751	G->A	NSYN	331	111	R->C			P_3	0	0.971428571428571	0.991379310344828	0.986486486486487	1	0.992700729927007	NA	0.991304347826087	0.986842105263158	0.963963963963964	NA	158	175	116	74	140	137	NA	115	152	111	NA
rpsG	5576	3473751	G->A	NSYN	331	111	R->C			P_5	0	0.971153846153846	0.976744186046512	0.992307692307692	0.976377952755906	0.990654205607477	0.9625	0.959731543624161	0.962264150943396	0.994897959183674	0.977443609022556	158	104	129	130	127	107	80	149	106	196	133
rpsL	5577	3474619	G->T	NCOD	NA	NA		rpsL	tusB	P_2	0	0	0.147727272727273	0.589928057553957	0.963636363636364	0.909090909090909	0.970588235294118	0.992957746478873	NA	0.989795918367347	NA	239	174	176	139	55	11	102	142	NA	196	NA
trkH	5609	4033217	G->A	NSYN	73	25	G->R			P_2	0	0	0	0	0	0.330357142857143	0.16304347826087	0	NA	0	NA	167	110	116	104	147	112	92	123	NA	142	NA
rpoC	5619	4185488	C->T	NSYN	139	47	R->C			P_3	0	0	0.584070796460177	1	0.971631205673759	0.99	NA	0.976923076923077	0.991596638655462	1	NA	172	174	113	54	141	100	NA	130	119	93	NA
dauA	5660	1260896	C->A	NCOD	NA	NA		dauA	prs	P_3	0	0	0	0	0	0	NA	0.00892857142857143	0.048	0.532110091743119	NA	151	179	91	50	111	120	NA	112	125	109	NA
amiC	5672	2948908	G->A	STOPGAIN	103	35	Q->X			P_3	0	0	0	0	0	0	NA	0.838983050847458	0.919642857142857	0.951219512195122	NA	142	161	97	65	156	120	NA	118	112	82	NA
argG	5681	3318331	C->T	NCOD	NA	NA		argG		P_3	0	0	0	0	0	0	NA	0.612403100775194	0.67948717948718	0.728155339805825	NA	200	161	112	59	146	117	NA	129	156	103	NA
tufA	5687	3471285	G->T	SYN	45	15	V->V			P_3	0	0.00568181818181818	0.01	0.358974358974359	0.731884057971015	0.821428571428571	NA	0.0378787878787879	0.0284090909090909	0.0108695652173913	NA	230	176	100	78	138	140	NA	132	176	92	NA
trkH	5710	4033610	G->T	NSYN	466	156	G->C			P_3	0	0	0	0.205882352941176	0.186567164179104	0.175438596491228	NA	0.945054945054945	0.98876404494382	0.954022988505747	NA	148	161	114	68	134	114	NA	91	89	87	NA
fimD	5734	4545052	A->C	NCOD	NA	NA		fimD	fimI	P_3	0	0	0	0	0	0	NA	0.137404580152672	0.214285714285714	0.305084745762712	NA	205	182	119	73	134	133	NA	131	140	118	NA
yjiT	5736	4572333	C->T	NCOD	NA	NA		yjiT	yjiS	P_3	0	0	0	0.197916666666667	0.324675324675325	0.384180790960452	NA	0	0.00869565217391304	0	NA	250	132	88	96	77	177	NA	121	230	131	NA
gatB	5777	2174456	G->T	SYN	111	37	I->I			P_4	0	0	0	0	0	0	0	0	0	0.015748031496063	0.316831683168317	232	236	248	187	146	151	155	125	161	127	101
recB	5787	2955130	G->T	NSYN	874	292	R->S			P_4	0	0	0	0	0.170940170940171	0.112244897959184	0.1328125	0.3125	0.486725663716814	0.376237623762376	0.611764705882353	146	139	160	135	117	98	128	144	113	101	85
plsC	5790	3163272	G->T	SYN	210	70	I->I			P_4	0	0	0	0	0	0	0	0.0680628272251309	0.122448979591837	0.0849673202614379	0.554621848739496	244	215	234	163	187	167	164	191	147	153	119
trkH	5806	4033203	C->T	NSYN	59	20	T->I			P_4	0	0	0.0171428571428571	0.808695652173913	0.773049645390071	0.867469879518072	0.975206611570248	1	0.974137931034483	0.967213114754098	1	163	125	175	115	141	83	121	178	116	122	79
cytR	5818	4123658	G->A	STOPGAIN	799	267	Q->X			P_4	0	0	0	0	0	0	0	0.0180722891566265	0.0743243243243243	0.286713286713287	0.242105263157895	123	113	153	104	125	83	150	166	148	143	95
cysQ	5828	4437386	C->A	NSYN	632	211	A->D			P_4	0	0	0	0	0	0	0	0	0.0136986301369863	0.012987012987013	0.505154639175258	147	117	166	118	119	102	132	160	146	154	97
fimD	5833	4545067	C->A	NCOD	NA	NA		fimD	fimI	P_4	0	0	0	0	0.168674698795181	0.154545454545455	0.134751773049645	0.322916666666667	0.533742331288344	0.470588235294118	0.660869565217391	176	156	150	146	166	110	141	192	163	136	115
fabF	5844	1151865	G->T	NCOD	NA	NA		fabF	fabG	P_4	0	0	0	0	0	0.341772151898734	0.422222222222222	0.335820895522388	0.263636363636364	0.523255813953488	0.433333333333333	94	106	132	72	99	79	90	134	110	86	60
prs	5864	1260945	C->T	NSYN	931	311	A->T			P_5	0	0	0.0072992700729927	0	0	0	0	0	0	0.0136986301369863	0.76	150	121	137	109	153	101	42	84	66	146	100
relA	5908	2912763	G->C	NSYN	889	297	H->D			P_5	0	0	0	0	0	0	0.0784313725490196	0.429530201342282	0.40650406504065	0.39906103286385	0.122093023255814	214	165	180	149	124	140	102	149	123	213	172
tufA	5930	3471326	C->T	NSYN	4	2	A->T			P_5	0	0	0.0757575757575758	0.05	0.310344827586207	0.492307692307692	0.112068965517241	0.0188679245283019	0.0381679389312977	0.00881057268722467	0	203	125	198	160	145	130	116	159	131	227	146
fusA	5931	3472802	A->T	NSYN	713	238	L->Q			P_5	0	0	0	0	0	0	0	0.0701754385964912	0.230769230769231	0.148387096774194	0.803738317757009	110	81	89	95	68	78	72	114	91	155	107
rpsL	5932	3474621	C->A	NCOD	NA	NA		rpsL	tusB	P_5	0	0	0.456140350877193	0.858267716535433	0.660818713450292	0.563063063063063	0.831683168316832	0.936416184971098	0.974358974358974	0.983606557377049	0.990338164251208	207	140	228	127	171	222	101	173	156	244	207
citA	5990	653826	C->T	NSYN	1592	531	T->I			P_5	0	0	0	0	0	0	0.021978021978022	0.0928571428571429	0.2	0.227027027027027	0.753424657534247	227	146	209	152	159	161	91	140	110	185	146
fimD	6002	4545036	G->T	NCOD	NA	NA		fimD	fimI	P_5	0	0	0	0.0072992700729927	0.0333333333333333	0.389937106918239	0.52	0.804878048780488	0.979591836734694	0.858108108108108	0.967479674796748	183	118	129	137	120	159	75	123	98	148	123
rpsG	6096	3473726	C->T	NSYN	356	119	R->H			P_6	0	0.777777777777778	0.00813008130081301	0.00437956204379562	0.0116788321167883	0.0015220700152207	0.00149476831091181	0	0	0.00311526479750779	0	168	162	615	685	685	657	669	486	649	642	662
trkH	6124	4033334	C->G	NSYN	190	64	L->V			P_6	0	0	0	0	0	0	0.163120567375887	0.0461538461538462	0.220472440944882	0.228260869565217	0.363636363636364	129	142	90	135	93	113	141	65	127	92	165
trkH	6125	4033620	A->T	NSYN	476	159	Q->L			P_6	0	0	0	0	0.137254901960784	0.647058823529412	0.81203007518797	0.962962962962963	0.689655172413793	0.671232876712329	0.618320610687023	155	132	71	106	102	85	133	54	116	73	131
adiY	6137	4337658	G->T	NSYN	272	91	P->Q			P_6	0	0.0116279069767442	0.24031007751938	0	0	0	0	0	0	0	0	280	258	129	232	200	216	211	104	221	148	241
fimA	6146	4543317	A->G	NSYN	203	68	E->G			P_6	0	0.0118343195266272	0	0	0	0	0.337748344370861	0.3	0.266666666666667	0.204545454545455	0.198473282442748	182	169	94	108	115	75	151	70	120	88	131
fimD	6147	4545086	C->A	NCOD	NA	NA		fimD	fimI	P_6	0	0	0	0	0	0	0.155038759689922	0.0428571428571429	0.150943396226415	0.252747252747253	0.39568345323741	151	139	96	106	109	76	129	70	106	91	139
rne	6161	1144303	T->A	NSYN	65	22	Q->L			P_6	0	0	0	0	0	0	0	0	0.0480769230769231	0.133333333333333	0.213592233009709	147	157	92	127	108	104	80	55	104	75	103
