Name	Fitness	stderror	variance
1	0.044918726372992	0.00115014297630257	2.64565773187628e-06
61	0.0319116768099686	0.00343560370169062	2.36067455901406e-05
121	0.040552425512259	0.00231108702043331	1.06822464320306e-05
181	0.0341002433720171	0.00366225851794791	2.68242749045641e-05
E_1_t1000 vs E_allFlasks_averaged	0.0424460054201863	0.000777628805449129	1.81411967719272e-06
2	0.0648064065809648	0.000140012773669637	3.92071535813299e-08
62	0.0282078385875409	0.00555081625419435	6.16231221756563e-05
122	0.038636832875021	0.0166809661512785	0.000556509263480198
182	0.029824541853414	0.010395984584454	0.000216152990960412
E_2_t1000 vs E_allFlasks_averaged	0.0647749600784256	0.000114269222199148	3.91723654259944e-08
3	0.0297695979338629	0.0156355369154678	0.000488940029269914
63	0.0169510929019399	0.0208980524079724	0.000873457188892725
123	0.0256257242987936	0.0109333827067437	0.000239077714824244
183	0.0275187407399617	0.00594480042862573	7.06813042723774e-05
E_3_t1000 vs E_allFlasks_averaged	0.0268025477469159	0.00393558652509267	4.6466523889473e-05
4	0.0188864329940072	0.00975126227116704	0.000190174231762171
64	0.00927638983138342	0.0135212140004294	0.000365646456090818
124	0.026631596161325	0.00127642641707256	3.25852879640138e-06
184	0.0327584698980939	0.00671592840735624	9.02073887454689e-05
E_4_t1000 vs E_allFlasks_averaged	0.0265694078791842	0.00101123802189038	3.06780701075029e-06
5	0.0241005327217098	0.00044745497071883	4.00431901641979e-07
65	0.0120815513170705	0.012943361814056	0.000335061230099126
125	0.013343502096936	0.00813213705273128	0.00013226330608881
185	0.0435422807909708	0.00665835139647324	8.86672866378343e-05
E_5_t1000 vs E_allFlasks_averaged	0.0241410486962418	0.00036375950850105	3.96962940074776e-07
6	0.055358059723817	0.0115980389822459	0.000269029016467389
66	0.0408497693579973	0.00882034730024616	0.00015559705299392
126	0.0531300303870619	0.0055167743363263	6.0869598155897e-05
186	0.00977419173370187	0.0053699686429158	5.76731264517979e-05
E_6_t1000 vs E_allFlasks_averaged	0.0344016513532734	0.00275517885799352	2.27730316186034e-05
7	0.0341612169223813	0.00729368187547218	0.000106395590601183
67	0.0281448863670152	0.0224595502570479	0.00100886279549772
127	0.0108828146914558	0.00987579887238443	0.000195062806735579
187	0.025255222788874	0.0200544383544878	0.000804360995427907
E_7_t1000 vs E_allFlasks_averaged	0.0260243080017396	0.00445968260236132	5.96663067414128e-05
8	0.0363720172965083	0.00349882425112426	2.44835422805105e-05
68	0.0412121150246156	0.00153299842692899	4.70016835393351e-06
128	0.03224915664637	0.00514284710915745	5.28977527763382e-05
188	0.0137737288234565	0.0104714321417567	0.000219301782198832
E_8_t1000 vs E_allFlasks_averaged	0.0394354864089606	0.00109685046948496	3.6092428572281e-06
9	0.0198451046702248	0.000467507681612431	4.3712686473326e-07
69	0.0206802193749259	0.00759111020893152	0.000115249908408289
129	0.00999807786361078	0.00957398059623923	0.000183322208914331
189	0.0122394666858009	0.0140578785139784	0.000395247896627552
E_9_t1000 vs E_allFlasks_averaged	0.0198165883641354	0.000380335888076552	4.33966163276938e-07
10	0.0243529122061696	0.00461394540484885	4.25769843978516e-05
70	0.021298611823926	0.00276545815664004	1.52955176322538e-05
130	0.0288610412797785	9.47272286375767e-05	1.79464956907114e-08
190	0.00120355859934278	0.0157786527315816	0.000497931764047693
E_10_t1000 vs E_allFlasks_averaged	0.028849290273683	7.72814661040171e-05	1.7917275009559e-08
11	0.0113943975212033	0.00816958060101229	0.000133484094392873
71	0.0293592237968977	0.0187126652304768	0.000700327680055791
131	0.0280869503598222	0.0196311006842183	0.000770760228147833
191	0.0152229392255147	0.00412608733682266	3.40491934221767e-05
S_1_t1000 vs S_allFlasks_averaged	0.0154299218734434	0.00290180271425375	2.52613769773513e-05
12	0.0135129321640305	0.00755725831936416	0.000114224306611198
72	-0.00233009122380249	0.00526712653019623	5.54852437701939e-05
132	0.0107791325480855	0.0202200279554491	0.000817699061038289
192	-0.00905577909597106	0.0162367165476061	0.00052726192849461
S_2_t1000 vs S_allFlasks_averaged	0.00241877051642085	0.00333906763477075	3.34481180087206e-05
13	0.0329454616412193	0.0142254664210042	0.000404727789790236
73	0.0525316358498474	0.00193734497689701	7.50661111901612e-06
133	0.0395574592138954	0.00536667209617607	5.76023387757498e-05
193	0.0273294015273014	0.0154324208420202	0.00047631922609044
S_3_t1000 vs S_allFlasks_averaged	0.050426910784116	0.00146577842199122	6.44551914712518e-06
14	0.0286802477066351	0.00922252732771761	0.000170110020620996
74	0.0263927894420523	0.0139473795446905	0.000389058792327301
134	0.0185518737882524	0.00327999366059365	2.1516716827069e-05
194	0.00105396678524998	0.00086828966390268	1.50785388088046e-06
S_4_t1000 vs S_allFlasks_averaged	0.00250324663153936	0.000681304552323105	1.39252767904856e-06
15	0.0169187436918034	0.00152704139708105	4.66371085679851e-06
75	0.0385456807289328	0.00740858575594942	0.000109774285806513
135	0.035890155421634	0.0127585347533739	0.000325560418106097
195	0.0104498738032369	0.0121282547430069	0.000294189126222539
S_5_t1000 vs S_allFlasks_averaged	0.0179330702110469	0.00120385348472972	4.34778963808767e-06
16	0.0125386471531716	0.00293623713568284	1.7242977033926e-05
76	0.00790875453187403	0.0177047192344648	0.000626914166342457
136	0.00581909318108088	0.0242646193516281	0.00117754350455881
196	-0.0135503430806579	0.00485132286179749	4.7070667018798e-05
S_6_t1000 vs S_allFlasks_averaged	0.00559302961782463	0.00202009543164498	1.22423566588588e-05
17	0.0245917450774232	0.00874335286000217	0.000152892438469016
77	0.0349628800827304	0.0161648982983876	0.000522607873994431
137	0.00809292020540006	0.0128476453389719	0.000330123981512013
197	0.0313259457015816	0.00795735348849619	0.000126638949081765
S_7_t1000 vs S_allFlasks_averaged	0.0257808105906037	0.00414730847800661	5.16005028352364e-05
18	0.0315824480552333	0.0159130204242278	0.000506448438043782
78	0.000191495302375495	0.0176838593540868	0.000625437763310244
138	0.0152343741885587	0.0128721853204108	0.000331386309846001
198	0.0370212853761876	0.00831071121121776	0.000138135841672521
S_8_t1000 vs S_allFlasks_averaged	0.0272333251795346	0.00490934668729779	7.23050546882453e-05
19	0.00892993787121871	0.00827540596469901	0.000136964687761152
79	0.00913399357490577	0.0132695156179604	0.000352160089470588
139	0.0167345376050005	0.00523923812279249	5.48992322146444e-05
199	0.0157501279770398	0.0507165655728508	0.00514434004701055
S_9_t1000 vs S_allFlasks_averaged	0.0139760226242984	0.00341691096138357	3.50258415540696e-05
20	0.0235105281538757	0.00767833778287374	0.000117913742215813
80	0.0209492540588419	0.012259731298553	0.000300602023025438
140	0.0170710496675946	0.0125103224462709	0.000313016335419337
200	0.0220312790221552	0.00522911678578284	5.46873247187117e-05
S_10_t1000 vs S_allFlasks_averaged	0.0218239697046603	0.00316443364470062	3.00409208751397e-05
21	0.196710197462043	0.0240088633967682	0.00115285104320935
81	0.176780630322437	0.0204286072067578	0.00083465598481599
141	0.161693495624327	0.0138264996250178	0.000382344183761235
201	0.151950889876837	0.0139695459429569	0.000390296427704768
V_1_t1000 vs V_allFlasks_averaged	0.164936273805387	0.00678385798731589	0.000138062187576209
22	0.101935529781984	0.0136283123603779	0.00037146179558406
82	0.1268237637047	0.00467815120333475	4.37701973625247e-05
142	0.118705570638901	0.0147005906159183	0.000432214728913648
202	0.105334551089031	0.0172901048560238	0.000597895451864593
V_2_t1000 vs V_allFlasks_averaged	0.122700967270925	0.00336004771955399	3.386976203304e-05
23	0.0998757700040614	0.0154024822058771	0.00047447291620472
83	0.189782917214642	0.0232744469435008	0.00108339976105167
143	0.147226417092747	0.0027730913981676	1.53800718051823e-05
203	0.119172394522713	0.0134733412071585	0.000363061846569028
V_3_t1000 vs V_allFlasks_averaged	0.145280395708404	0.00216975119255975	1.41234607128434e-05
24	0.100714737779821	0.00360596921113047	2.60060279032418e-05
84	0.144069282380487	0.0080118689299001	0.000128380087499797
144	0.144559887107154	0.0220909007634079	0.00097601579307747
204	0.123779522691307	0.0326469890900949	0.00213165179329755
V_4_t1000 vs V_allFlasks_averaged	0.108956942778512	0.00264251696837295	2.09486877844169e-05
25	0.129489115985692	0.00599872890482728	7.19694969472207e-05
85	0.140883101095802	0.0023667415671173	1.12029312910417e-05
145	0.122661939763876	0.00269098476865564	1.44827980502733e-05
205	0.118388376950506	0.00752207399402084	0.000113163194343049
V_5_t1000 vs V_allFlasks_averaged	0.13196125819543	0.00135690823372504	5.52359986425238e-06
26	0.146574443092065	0.03394711162565	0.00230481277544868
86	0.191925121394483	0.0172681695027988	0.000596379355954778
146	0.174122309838742	0.0080824350605517	0.000130651513016071
206	0.181055946447388	0.0132702876147206	0.000352201066754816
V_6_t1000 vs V_allFlasks_averaged	0.17710438394748	0.00514265000800766	7.93405473145834e-05
27	0.17762534096031	0.0105185157538173	0.000221278347326604
87	0.187292038005746	0.0114403107784325	0.000261761421414237
147	0.166087460991147	6.57786210397989e-05	8.65365397179495e-09
207	0.154409251599828	0.0123087676594188	0.000303011522587109
V_7_t1000 vs V_allFlasks_averaged	0.166088279619777	5.37053144926679e-05	8.65278241426909e-09
28	0.172879856433037	0.0143592001138908	0.000412373255821523
88	0.176527894343205	0.0120790087361938	0.000291804904098093
148	0.159388397190142	0.029850917563236	0.00178215455873423
208	0.146492915514627	0.00472903273096121	4.47275011410049e-05
V_8_t1000 vs V_allFlasks_averaged	0.152546032371425	0.00340380318237596	3.47576283130582e-05
29	0.112050466511564	0.00678987207543055	9.22047256014232e-05
89	0.16391205000434	0.00632368396841258	7.99779578647164e-05
149	0.139907597440263	0.0133842089400417	0.000358274097901382
209	0.13426081593591	0.000851497631825647	1.45009643400937e-06
V_9_t1000 vs V_allFlasks_averaged	0.134464270996265	0.000682431230068327	1.39713715131771e-06
30	0.128406396771952	0.0268586866454839	0.00144277809664059
90	0.126243343931928	0.018434037532794	0.000679627479520919
150	0.139348699807031	0.0100288180806226	0.000201154384188445
210	0.14602062985546	0.0058792013644517	6.91300173675415e-05
V_10_t1000 vs V_allFlasks_averaged	0.14257283124972	0.00392825245674305	4.62935020917235e-05
31	0.0432256588714238	0.00266236668473056	1.41763927279264e-05
91	0.0293495956158876	0.00525265361679533	5.51807400360662e-05
151	0.022895673936187	0.0123310271926257	0.000304108463250548
211	0.0246869819747801	0.00291645637794652	1.70114356089299e-05
Y_1_t1000 vs Y_allFlasks_averaged	0.0338840983877447	0.00148707627237029	6.63418751954014e-06
32	0.0348760152810979	0.00852596328664072	0.000145384099930291
92	0.0339225786293911	0.00143931041216578	4.14322892513764e-06
152	-0.000873488277625819	0.00214875564336704	9.23430162980338e-06
212	-0.00574265139253316	0.00337856079916134	2.28293461472594e-05
Y_2_t1000 vs Y_allFlasks_averaged	0.0201863486973096	0.000912493298933375	2.49793206179494e-06
33	0.00878993186816409	0.00389663601742853	3.03675445046426e-05
93	0.0164485371715587	0.0208229036558883	0.000867186633324812
153	0.00643837961391072	0.00234073538927061	1.09580843251677e-05
213	0.0234392372143263	0.00703283767225986	9.8921611448715e-05
Y_3_t1000 vs Y_allFlasks_averaged	0.00836413580951906	0.00156874245406216	7.38285866153092e-06
34	0.0162994502600262	0.0112481491293666	0.000253041717672942
94	0.0283372991711887	0.0146390677424331	0.000428604608735093
154	0.00532046841326931	0.00270404766641768	1.46237475645178e-05
214	0.0119359276427519	0.000639017944824242	8.16687867614797e-07
Y_4_t1000 vs Y_allFlasks_averaged	0.0116304399907053	0.000506540181872266	7.69748867553566e-07
35	0.0533591869877636	0.00548198010451971	6.01042117326999e-05
95	0.0163567515454733	0.0108715824271342	0.000236382608939946
155	-0.00974998715349922	0.0244947901585332	0.00119998948982115
215	0.0275113731813328	0.0115048075611483	0.00026472119403811
Y_5_t1000 vs Y_allFlasks_averaged	0.041319150112578	0.00361699028216143	3.92478561037507e-05
36	0.0143691096364982	0.00753579422415862	0.000113576389177725
96	0.0242757347003125	0.00743008676187662	0.000110412378578028
156	-0.0402291531627903	0.0145314231515984	0.000422324517621619
216	0.0128912409530803	0.0143291020599279	0.000410646331687659
Y_6_t1000 vs Y_allFlasks_averaged	0.0124650253801393	0.00383499679498632	4.4121601252666e-05
37	0.0187003625531836	0.0047700148421324	4.55060831883269e-05
97	0.0210924139531611	0.00311502880455521	1.94068089064173e-05
157	0.0148589534345938	0.00986655320368529	0.000194697744242305
217	0.022970845679183	0.0237256742377723	0.00112581523607379
Y_7_t1000 vs Y_allFlasks_averaged	0.020049846319737	0.00204729243850693	1.25742189863029e-05
38	0.0370365582835326	0.00162924238425142	5.30886149328249e-06
98	0.052730895919931	0.00236814725948753	1.12162428852366e-05
158	0.0299263826339296	0.00413720352532071	3.42329060198522e-05
218	0.0360448115762301	0.0128431582639513	0.000329893428385802
Y_8_t1000 vs Y_allFlasks_averaged	0.0408734982794187	0.00103734720000744	3.22826764008985e-06
39	0.0344296543251573	0.00322972043208891	2.08621881389052e-05
99	0.0220350673341357	0.00317977677135822	2.02219606313386e-05
159	0.0259601694894375	0.000970900992280471	1.88529747362241e-06
219	0.0414710605753408	0.0100965699805629	0.000203881450744808
Y_9_t1000 vs Y_allFlasks_averaged	0.0264152754015282	0.000725833591437782	1.58050320737841e-06
40	0.0289465802700526	0.00326630632205838	2.1337513979037e-05
100	0.0222244021442323	0.00587856679984301	6.9115095240433e-05
160	0.0181897303761624	0.00211519615015243	8.94810950723933e-06
220	0.0234393041558716	0.000543877724533031	5.91605958486455e-07
Y_10_t1000 vs Y_allFlasks_averaged	0.023253545504829	0.00042294689568805	5.36652229716475e-07
41	0.174199420628826	NA	NA
101	0.367064909427651	0.0929379000864884	0.0259123598174583
161	0.3845407454457	0.0981104053577364	0.0288769549183781
221	0.404255797692254	0.0985957615162048	0.029163372566881
P_1_t1000 vs P_allFlasks_averaged	0.332079526892184	0.048239096319474	0.00698103124115847
42	0.19799129924343	NA	NA
102	0.36317748758072	0.106113334816858	0.0337801194778638
162	0.350912491564489	0.103264951765932	0.0319909507896609
222	0.371510930406471	0.118796189768684	0.0423376041106714
P_2_t1000 vs P_allFlasks_averaged	0.320672075270245	0.054498161860244	0.00891014893843606
43	0.0912546139142964	NA	NA
103	0.291633324970524	0.0888096409311762	0.0236614569669734
163	0.318541161412731	0.107470029968797	0.0346494220244827
223	0.327958675069377	0.114334146050579	0.0392168908593451
P_3_t1000 vs P_allFlasks_averaged	0.256613733260202	0.0511544713088311	0.00785033980465806
44	0.23779147228254	NA	NA
104	0.578150181578546	0.189095180954036	0.071513974920079
164	0.519048723549648	0.213413571471367	0.0910907049763289
224	0.65608629352313	0.130063992241766	0.0338332841557324
P_4_t1000 vs P_allFlasks_averaged	0.527380138825185	0.0691102796236183	0.0143286922489641
45	0.15338388345437	NA	NA
105	0.310829224092525	0.104244883468057	0.0326009871878061
165	0.361851626702883	0.108541295717749	0.0353436386282634
225	0.342014573606694	0.111389803973974	0.0372230652880809
P_5_t1000 vs P_allFlasks_averaged	0.291505254787821	0.0539889862430212	0.00874443190664739
46	0.220532125191843	NA	NA
106	0.371979665341582	0.093675896764049	0.0263255209036463
166	0.389988282684044	0.128375739834972	0.0494409917345296
226	0.357512271526235	0.135225484304431	0.0548577948161039
P_6_t1000 vs P_allFlasks_averaged	0.338001196506136	0.0579067831565793	0.0100595866066293
47	0.158709891496877	NA	NA
107	0.373393921743528	0.095397945284755	0.0273023038936593
167	0.536851495896232	0.174394019905616	0.060826548357681
227	0.401336359816724	0.104623467517738	0.0328382098663054
P_7_t1000 vs P_allFlasks_averaged	0.356905604689648	0.0554735347020991	0.00923193915703498
48	0.188464480150414	NA	NA
108	0.358216600144486	0.107721222565648	0.0348115853731137
168	0.514456020362159	0.185931374924041	0.0691409523622882
228	0.3984684008023	0.105311157307899	0.033271319560587
P_8_t1000 vs P_allFlasks_averaged	0.355676230120982	0.0592014697642345	0.0105144420667367
49	0.177612290406908	NA	NA
109	0.372877824494874	0.0927366751333619	0.0258002727443721
169	0.344287746131597	0.117081467739607	0.0411242102641816
229	0.360800512003749	0.0946016350838555	0.0268484080816169
P_9_t1000 vs P_allFlasks_averaged	0.317010669000633	0.0501921897424279	0.00755776773341964
50	0.150255651309311	NA	NA
110	0.372892907700641	0.0818730165609684	0.0201095725223778
170	0.365726738304429	0.109515015187618	0.0359806156546328
230	0.414658915764914	0.099471140117787	0.0296835231489972
P_10_t1000 vs P_allFlasks_averaged	0.327888021537281	0.0477516403610712	0.00684065747151924
51	0.138612952695658	0.0301175603561	0.00181413488360666
111	0.156633080981135	0.0116513443033541	0.000407261472225908
171	0.178017577430451	0.0110568679813036	0.000366762988667933
231	0.147411225051397	0.0148219934990358	0.000439382982570916
A_1_t1000 vs A_allFlasks_averaged	0.160052262742837	0.00645129314447087	0.000124857549707691
52	0.315619983501043	0.0393655938832363	0.00309929996355978
112	0.309121211828885	0.0196222294595336	0.00115509566688777
172	0.278050966108079	0.0147078861302831	0.000648965743264123
232	0.29878515236455	0.0103472427317408	0.000321196296448686
A_2_t1000 vs A_allFlasks_averaged	0.295778037651341	0.00755325553788626	0.000171155007661828
53	0.220901342319657	0.0476826120266468	0.00454726297936745
113	0.231597313502683	0.0131945545892691	0.000522288812427604
173	0.226954287492055	0.00737960210925282	0.000163375581872666
233	0.229906823066228	0.00721724848254315	0.000104177351317543
A_3_t1000 vs A_allFlasks_averaged	0.228964996153918	0.00432082043436117	5.6008467677979e-05
54	0.251405808169162	0.00637870634023463	8.1375789149899e-05
114	0.241470602828385	0.00723240224331093	0.000156922926627147
174	0.240992595620028	0.0192590107775437	0.00111272848838863
234	0.24067943252008	0.0109375988279556	0.000239262136242594
A_4_t1000 vs A_allFlasks_averaged	0.246456153866534	0.00374717713975362	4.21240095500764e-05
55	0.202533243543254	0.0154173205767002	0.000475387547529485
115	0.215736558507387	0.00896159352040217	0.000240930475274743
175	0.229019191165183	0.0130892275182446	0.000513983631073114
235	0.230734538942809	0.00272747663296096	1.48782575666961e-05
A_5_t1000 vs A_allFlasks_averaged	0.229078164015652	0.00210242003651338	1.32605100297988e-05
56	0.232155465394307	0.00179671467099407	6.45636721793069e-06
116	0.252552273359321	0.00896757371294119	0.000241252134891102
176	0.235238538140753	0.00353465601297031	3.74813793900815e-05
236	0.205157913765171	0.000303250690226769	1.83921962246024e-07
A_6_t1000 vs A_allFlasks_averaged	0.206079258941932	0.000243479879389515	1.77847355002599e-07
57	0.269711114835368	0.0385515019330713	0.0029724366025912
117	0.257703511160445	0.00907817019815764	0.000247239522440153
177	0.272429257113612	0.00657838397499144	0.000129825407167272
237	0.2817069262999	0.0444064871919165	0.0039438722094517
A_7_t1000 vs A_allFlasks_averaged	0.267718121704042	0.00519791757303771	8.10550412882827e-05
58	0.241364861113042	0.00201933965764542	8.15546530587905e-06
118	0.238640788220276	0.0130071458570812	0.000507557530042156
178	0.232268362600173	0.0229595739857758	0.00158142611282494
238	0.252956320809073	0.0264122715403886	0.00139521617584644
A_8_t1000 vs A_allFlasks_averaged	0.241342539491248	0.00162691041197132	7.94051246574205e-06
59	0.300708802792094	0.0436883998333696	0.00381735256000073
119	0.250902585898164	0.00243396359376888	1.77725363273769e-05
179	0.249838861413748	0.0179802313201346	0.00096986615497665
239	0.24599349023619	0.00332046847202239	2.20510217473894e-05
A_9_t1000 vs A_allFlasks_averaged	0.248855399774518	0.00179975217634955	9.71732368882481e-06
60	0.231144277755969	0.0142571446622855	0.00040653234784267
120	0.252827425785529	0.00622269418649571	0.000116165768815943
180	0.246378606534152	0.0176944904886408	0.000939284980957797
240	0.260716446747583	0.018396569044249	0.000676867505199644
A_10_t1000 vs A_allFlasks_averaged	0.24926045913187	0.00494887306971189	7.34740339803587e-05
