Name	Fitness	stderror	variance
2	0.0643258601695427	0.0094390638368	0.000267287778345557
11	0.0658930429475241	0.0103250037636985	0.000319817108161164
P rpsG G331A_allFlasks_averaged	0.0650393422280561	0.0120665342261139	0.000145601248229978
3	0.0820209732773396	0.0066969689918924	0.000134548181035105
12	0.0818359230045941	0.011104719635139	0.000369944394525123
A rpsF A74G_allFlasks_averaged	0.0819716203655146	0.00993298435435291	9.86641781838198e-05
21	-0.00439694087523447	0.0058467057374222	0.000102551903940017
29	0.0016398218126346	0.0052580434825449	8.29410637929986e-05
37	0.00651347463188653	0.00711765191248003	0.000151982906241692
E ybeD T193G_allFlasks_averaged	0.000695806649470871	0.00419682302170277	3.52266469509887e-05
22	-0.00565952148510833	0.00386865776845932	4.48995387883819e-05
30	-0.00864932051636543	0.00703777710203344	0.000148590919613719
38	-0.00097138407509974	0.00528930211745856	8.39301506692549e-05
S ybeD T193G_allFlasks_averaged	-0.00478611832816463	0.00349571297495842	2.44400184065853e-05
23	0.058526769009307	0.0105388165590586	0.000333199963396461
31	0.0503173068472657	0.0180991452376678	0.00098273717500258
39	0.0613249021143871	0.0093623323274592	0.000262959799829363
V ybeD T193G_allFlasks_averaged	0.058819194743478	0.00799532977843054	0.000127850596531716
24	-0.00631841298952369	0.0111794371828603	0.000374939447176557
32	-0.0044879691249023	0.00899254647278143	0.000242597676195401
40	-0.000633902695919551	0.00847434510682621	0.000215443574968768
Y ybeD T193G_allFlasks_averaged	-0.00335007107613154	0.00661375230020701	8.74834389769872e-05
26	0.00715785793545487	0.00620965696418938	0.000115679518838717
34	0.0114297722333112	0.0343807065861619	0.00354609895609127
42	0.00837258320485804	0.0220794222587346	0.00146250266183852
A ybeD T193G_allFlasks_averaged	0.00736963623810593	0.00721299788598588	0.000104054677006474
43	-0.105080811099506	0.0391011069241842	0.00305779312539297
44	-0.123229328136279	0.0119013335134593	0.00028328347879718
48	-0.149710830967539	0.0472605160904091	0.00446711276226364
49	-0.130923271651895	0.0289387493067196	0.00167490242287433
52	-0.141122171630237	0.0160323100979218	0.000514069934151851
P ybeD T193G_allFlasks_averaged	-0.129177002732304	0.00614376975373527	0.000150983627147649
