MG1655,	301,	indel;C+T;C-1;C+TT,	0.0 100.0 200.0 300.0 400.0 500.0 600.0 700.0 800.0 900.0 1000.0,	0 3 5 4 2 0 1 5 2 4 1,	119 49 144 112 70 0 71 145 66 133 108,	upstream;downstream gene1_thrA;gene0_thrL
MG1655,	6495,	C->A,	0.0 100.0 200.0 300.0 400.0 500.0 600.0 700.0 800.0 900.0 1000.0,	2 0 3 2 1 0 6 1 1 7 2,	205 93 159 128 83 1 111 171 85 140 106,	upstream;downstream gene5_yaaA;gene4_yaaX,gene6_yaaJ
MG1655,	34121,	G->T,	0.0 100.0 200.0 300.0 400.0 500.0 600.0 700.0 800.0 900.0 1000.0,	19 8 9 6 16 0 10 15 9 18 19,	298 115 158 124 105 0 157 194 138 164 175,	upstream;downstream gene33_caiF;gene32_carB,gene34_caiE
MG1655,	34122,	C->T,	0.0 100.0 200.0 300.0 400.0 500.0 600.0 700.0 800.0 900.0 1000.0,	7 4 6 3 10 0 2 4 4 11 8,	289 113 163 118 103 0 151 195 141 158 163,	upstream;downstream gene33_caiF;gene32_carB,gene34_caiE
MG1655,	34123,	C->T,	0.0 100.0 200.0 300.0 400.0 500.0 600.0 700.0 800.0 900.0 1000.0,	6 4 3 2 7 0 3 5 3 6 5,	280 115 154 117 97 0 154 185 142 153 153,	upstream;downstream gene33_caiF;gene32_carB,gene34_caiE
MG1655,	34124,	C->T,	0.0 100.0 200.0 300.0 400.0 500.0 600.0 700.0 800.0 900.0 1000.0,	6 1 4 3 7 0 3 6 3 5 8,	288 113 166 125 101 0 155 203 149 153 170,	upstream;downstream gene33_caiF;gene32_carB,gene34_caiE
MG1655,	34125,	A->T,	0.0 100.0 200.0 300.0 400.0 500.0 600.0 700.0 800.0 900.0 1000.0,	5 0 4 1 6 0 2 4 2 5 6,	304 117 168 124 103 0 157 196 151 156 173,	upstream;downstream gene33_caiF;gene32_carB,gene34_caiE
MG1655,	45789,	C->A,	0.0 100.0 200.0 300.0 400.0 500.0 600.0 700.0 800.0 900.0 1000.0,	3 1 2 0 5 0 1 0 1 4 5,	178 84 129 117 73 2 91 137 96 159 113,	upstream;downstream gene44_yaaU;gene42_fixC,gene43_fixX
MG1655,	64308,	C->T,	0.0 100.0 200.0 300.0 400.0 500.0 600.0 700.0 800.0 900.0 1000.0,	0 0 0 0 0 0 0 0 2 6 0,	131 60 113 108 59 0 77 124 60 107 70,	synonymous SNV gene58_polB:gene58_polB:exon1:c.G1473A:p.A491A, MG1655
MG1655,	107544,	indel;G-1;G+T;G+TT,	0.0 100.0 200.0 300.0 400.0 500.0 600.0 700.0 800.0 900.0 1000.0,	8 6 3 6 1 0 5 7 5 3 5,	216 77 112 113 77 1 105 184 113 129 138,	upstream;downstream gene96_secM,gene97_secA;gene95_lpxC
MG1655,	163321,	C->A,	0.0 100.0 200.0 300.0 400.0 500.0 600.0 700.0 800.0 900.0 1000.0,	1 6 3 5 0 0 1 0 0 0 2,	166 74 137 127 78 1 93 168 81 151 119,	nonsynonymous SNV gene145_hrpB:gene145_hrpB:exon1:c.C1217A:p.A406E, MG1655
MG1655,	163323,	C->A,	0.0 100.0 200.0 300.0 400.0 500.0 600.0 700.0 800.0 900.0 1000.0,	2 5 3 4 0 0 1 1 0 1 2,	167 73 136 126 77 0 94 162 81 151 117,	nonsynonymous SNV gene145_hrpB:gene145_hrpB:exon1:c.C1219A:p.Q407K, MG1655
MG1655,	163329,	C->A,	0.0 100.0 200.0 300.0 400.0 500.0 600.0 700.0 800.0 900.0 1000.0,	3 6 3 5 0 0 2 0 0 1 4,	161 77 129 124 75 0 88 153 83 152 117,	nonsynonymous SNV gene145_hrpB:gene145_hrpB:exon1:c.C1225A:p.Q409K, MG1655
MG1655,	184215,	T->A,	0.0 100.0 200.0 300.0 400.0 500.0 600.0 700.0 800.0 900.0 1000.0,	1 1 0 0 0 0 1 3 4 3 2,	171 73 102 116 75 0 91 139 73 121 112,	upstream;downstream gene160_yaeH;gene159_cdaR,gene161_yaeI,gene162_dapD
MG1655,	184341,	indel;G+C,	0.0 100.0 200.0 300.0 400.0 500.0 600.0 700.0 800.0 900.0 1000.0,	5 2 6 5 5 0 0 0 0 0 0,	221 123 140 139 97 2 102 159 89 132 123,	frameshift substitution gene161_yaeI:gene161_yaeI:exon1:c.729_729delinsGC, MG1655
MG1655,	218827,	C->A,	0.0 100.0 200.0 300.0 400.0 500.0 600.0 700.0 800.0 900.0 1000.0,	3 1 1 5 4 0 2 6 3 1 3,	179 84 121 136 64 2 105 176 86 148 95,	upstream;downstream gene192_proS;gene193_tsaA,gene194_rcsF
MG1655,	247451,	indel;C+A;C-1,	0.0 100.0 200.0 300.0 400.0 500.0 600.0 700.0 800.0 900.0 1000.0,	2 5 1 2 1 0 0 0 0 0 0,	137 65 132 110 85 0 94 125 73 138 115,	frameshift deletion gene227_yafL:gene227_yafL:exon1:c.740delC:p.T247fs, MG1655
MG1655,	290198,	indel;A-1;A+T,	0.0 100.0 200.0 300.0 400.0 500.0 600.0 700.0 800.0 900.0 1000.0,	1 0 2 0 1 0 0 0 2 1 4,	147 66 106 84 58 1 79 134 85 108 80,	frameshift substitution gene279_argF:gene279_argF:exon1:c.108_108delinsAT, MG1655
MG1655,	296488,	C->T,	0.0 100.0 200.0 300.0 400.0 500.0 600.0 700.0 800.0 900.0 1000.0,	264 125 161 158 128 0 140 190 112 183 172,	264 126 161 158 128 0 140 190 112 183 172,	synonymous SNV gene288_intF:gene288_intF:exon1:c.G609A:p.E203E, MG1655
MG1655,	320129,	C->A,	0.0 100.0 200.0 300.0 400.0 500.0 600.0 700.0 800.0 900.0 1000.0,	2 4 1 1 0 0 3 1 1 1 2,	173 68 118 84 76 1 156 148 105 153 152,	upstream gene316_rclA,gene317_rclR
MG1655,	320131,	C->A,	0.0 100.0 200.0 300.0 400.0 500.0 600.0 700.0 800.0 900.0 1000.0,	6 5 2 1 1 0 5 1 0 0 6,	181 69 121 87 80 1 156 152 113 149 160,	upstream gene316_rclA,gene317_rclR
MG1655,	320136,	C->A,	0.0 100.0 200.0 300.0 400.0 500.0 600.0 700.0 800.0 900.0 1000.0,	2 5 1 1 0 0 4 1 1 1 2,	173 66 117 84 74 1 164 153 126 154 161,	upstream gene316_rclA,gene317_rclR
MG1655,	337255,	C->A,	0.0 100.0 200.0 300.0 400.0 500.0 600.0 700.0 800.0 900.0 1000.0,	4 0 2 1 1 0 0 0 4 1 1,	146 61 145 102 80 1 81 147 74 136 77,	nonsynonymous SNV gene331_yahF:gene331_yahF:exon1:c.C478A:p.H160N, MG1655
MG1655,	344527,	C->A,	0.0 100.0 200.0 300.0 400.0 500.0 600.0 700.0 800.0 900.0 1000.0,	10 1 3 5 2 0 1 9 2 5 7,	277 143 137 138 103 1 173 177 154 185 202,	nonsynonymous SNV gene336_yahL:gene336_yahL:exon1:c.C352A:p.Q118K, MG1655
MG1655,	346077,	C->A,	0.0 100.0 200.0 300.0 400.0 500.0 600.0 700.0 800.0 900.0 1000.0,	3 0 1 0 4 0 0 2 1 2 2,	145 66 104 74 66 1 80 96 76 100 75,	synonymous SNV gene338_yahN:gene338_yahN:exon1:c.G261T:p.S87S, MG1655
MG1655,	380012,	indel;A-1;A+G;A+GG,	0.0 100.0 200.0 300.0 400.0 500.0 600.0 700.0 800.0 900.0 1000.0,	19 11 20 6 9 0 23 13 14 13 10,	268 139 171 126 125 3 216 195 179 184 227,	upstream;downstream gene365_frmA,gene366_frmR;gene367_yaiO,gene368_yaiX
MG1655,	1208178,	G->T,	0.0 100.0 200.0 300.0 400.0 500.0 600.0 700.0 800.0 900.0 1000.0,	3 2 2 0 5 0 3 0 0 1 2,	292 148 153 143 92 1 129 161 153 189 158,	nonsynonymous SNV gene1169_tfaP:gene1169_tfaP:exon1:c.G47T:p.G16V, MG1655
MG1655,	1243494,	C->A,	0.0 100.0 200.0 300.0 400.0 500.0 600.0 700.0 800.0 900.0 1000.0,	3 0 2 1 0 0 3 0 0 1 2,	204 71 160 135 79 0 60 136 86 136 115,	nonsynonymous SNV gene1210_emtA:gene1210_emtA:exon1:c.C315A:p.S105R, MG1655
MG1655,	1246674,	G->T,	0.0 100.0 200.0 300.0 400.0 500.0 600.0 700.0 800.0 900.0 1000.0,	4 2 1 2 0 0 3 3 6 2 2,	231 109 142 127 102 0 96 171 99 128 109,	nonsynonymous SNV gene1214_treA:gene1214_treA:exon1:c.C703A:p.Q235K, MG1655
MG1655,	1273443,	G->T,	0.0 100.0 200.0 300.0 400.0 500.0 600.0 700.0 800.0 900.0 1000.0,	3 1 0 1 1 0 1 2 2 3 5,	235 120 132 144 74 1 104 116 90 156 99,	nonsynonymous SNV gene1242_ychN:gene1242_ychN:exon1:c.C157A:p.Q53K, MG1655
MG1655,	1284017,	C->A,	0.0 100.0 200.0 300.0 400.0 500.0 600.0 700.0 800.0 900.0 1000.0,	1 4 1 2 0 0 0 1 0 0 1,	136 74 128 126 76 0 64 113 77 123 78,	synonymous SNV gene1248_narH:gene1248_narH:exon1:c.C414A:p.I138I, MG1655
MG1655,	1353326,	A->C,	0.0 100.0 200.0 300.0 400.0 500.0 600.0 700.0 800.0 900.0 1000.0,	0 6 14 19 0 0 0 0 0 0 0,	164 64 129 98 78 0 69 124 78 106 81,	nonsynonymous SNV gene1318_sapD:gene1318_sapD:exon1:c.T303G:p.C101W, MG1655
MG1655,	1370035,	indel;G+TT;G+T;G-1,	0.0 100.0 200.0 300.0 400.0 500.0 600.0 700.0 800.0 900.0 1000.0,	9 7 7 8 4 0 5 6 6 5 3,	222 75 154 97 90 0 92 175 140 172 112,	upstream;downstream gene1336_ycjM;gene1333_pspC,gene1334_pspD,gene1335_pspE
MG1655,	1386705,	C->T,	0.0 100.0 200.0 300.0 400.0 500.0 600.0 700.0 800.0 900.0 1000.0,	1 1 1 0 1 0 6 0 1 0 3,	259 113 135 122 75 0 105 144 90 143 128,	upstream;downstream gene1350_tyrR;gene1349_ycjF
MG1655,	1400834,	C->A,	0.0 100.0 200.0 300.0 400.0 500.0 600.0 700.0 800.0 900.0 1000.0,	6 3 2 5 2 0 3 5 5 4 11,	199 94 138 157 103 0 130 157 90 147 133,	nonsynonymous SNV gene1365_abgT:gene1365_abgT:exon1:c.G940T:p.V314F, MG1655
MG1655,	1434839,	C->A,	0.0 100.0 200.0 300.0 400.0 500.0 600.0 700.0 800.0 900.0 1000.0,	8 4 4 7 6 0 7 2 4 5 6,	219 88 149 111 82 0 102 173 107 138 130,	upstream;downstream gene1406_ynaE;gene1407_ttcC,gene1408_uspF,gene1409_ompN
MG1655,	1434850,	C->A,	0.0 100.0 200.0 300.0 400.0 500.0 600.0 700.0 800.0 900.0 1000.0,	6 4 3 3 1 0 5 3 4 7 5,	196 76 124 99 73 0 115 153 90 140 131,	upstream;downstream gene1406_ynaE;gene1407_ttcC,gene1408_uspF,gene1409_ompN
MG1655,	1437222,	indel;C+T;C-2;C-1,	0.0 100.0 200.0 300.0 400.0 500.0 600.0 700.0 800.0 900.0 1000.0,	0 1 7 5 2 0 5 3 4 5 7,	156 70 127 93 68 0 81 102 77 133 90,	ncRNA_exonic gene1410_micC
MG1655,	1437281,	C->T,	0.0 100.0 200.0 300.0 400.0 500.0 600.0 700.0 800.0 900.0 1000.0,	0 1 1 0 2 0 0 0 1 0 4,	145 62 121 115 74 0 78 128 77 116 80,	synonymous SNV gene1411_pfo:gene1411_pfo:exon1:c.G3504A:p.A1168A, MG1655
MG1655,	1465245,	C->T,	0.0 100.0 200.0 300.0 400.0 500.0 600.0 700.0 800.0 900.0 1000.0,	0 0 0 0 0 0 1 2 0 0 2,	49 18 26 15 45 0 73 34 60 33 62,	upstream;downstream gene1435_ynbG,gene1436_ydbA;gene1433_paaX,gene1434_paaY
MG1655,	1505300,	C->A,	0.0 100.0 200.0 300.0 400.0 500.0 600.0 700.0 800.0 900.0 1000.0,	2 4 1 1 1 0 0 1 0 1 0,	135 77 129 140 58 1 90 145 70 118 96,	nonsynonymous SNV gene1469_ydcO:gene1469_ydcO:exon1:c.G781T:p.G261C, MG1655
MG1655,	1505456,	C->A,	0.0 100.0 200.0 300.0 400.0 500.0 600.0 700.0 800.0 900.0 1000.0,	10 5 7 4 3 0 4 3 2 11 3,	215 83 134 132 68 0 106 163 78 144 97,	nonsynonymous SNV gene1469_ydcO:gene1469_ydcO:exon1:c.G625T:p.A209S, MG1655
MG1655,	1505460,	C->A,	0.0 100.0 200.0 300.0 400.0 500.0 600.0 700.0 800.0 900.0 1000.0,	9 3 7 2 2 0 2 2 2 7 1,	217 88 127 132 64 0 107 166 87 149 102,	synonymous SNV gene1469_ydcO:gene1469_ydcO:exon1:c.G621T:p.S207S, MG1655
MG1655,	1505461,	G->A,	0.0 100.0 200.0 300.0 400.0 500.0 600.0 700.0 800.0 900.0 1000.0,	7 3 7 3 3 0 2 2 2 7 2,	215 88 127 142 66 0 117 168 90 147 106,	nonsynonymous SNV gene1469_ydcO:gene1469_ydcO:exon1:c.C620T:p.S207L, MG1655
MG1655,	1510777,	C->A,	0.0 100.0 200.0 300.0 400.0 500.0 600.0 700.0 800.0 900.0 1000.0,	2 0 2 1 1 0 4 0 1 3 4,	175 81 132 149 63 1 79 126 72 123 85,	nonsynonymous SNV gene1475_ydcR:gene1475_ydcR:exon1:c.C775A:p.P259T, MG1655
MG1655,	1510780,	C->A,	0.0 100.0 200.0 300.0 400.0 500.0 600.0 700.0 800.0 900.0 1000.0,	6 3 5 1 2 0 5 1 0 2 4,	183 79 135 148 69 1 82 124 75 123 87,	nonsynonymous SNV gene1475_ydcR:gene1475_ydcR:exon1:c.C778A:p.Q260K, MG1655
MG1655,	1552403,	G->T,	0.0 100.0 200.0 300.0 400.0 500.0 600.0 700.0 800.0 900.0 1000.0,	8 0 1 0 2 0 1 2 2 5 1,	160 70 148 114 81 0 74 133 66 140 105,	nonsynonymous SNV gene1512_yddM:gene1512_yddM:exon1:c.C280A:p.Q94K, MG1655
MG1655,	1601824,	indel;C-1,	0.0 100.0 200.0 300.0 400.0 500.0 600.0 700.0 800.0 900.0 1000.0,	3 4 0 0 0 0 0 0 0 1 0,	174 58 143 116 67 0 64 111 98 134 63,	frameshift deletion gene1547_lsrA:gene1547_lsrA:exon1:c.335delC:p.A112fs, MG1655
MG1655,	1608824,	A->T,	0.0 100.0 200.0 300.0 400.0 500.0 600.0 700.0 800.0 900.0 1000.0,	2 1 2 4 3 0 2 2 9 3 6,	148 74 127 99 74 1 90 118 76 121 108,	nonsynonymous SNV gene1554_yneE:gene1554_yneE:exon1:c.T199A:p.F67I, MG1655
MG1655,	1637718,	indel;A-1;A+T,	0.0 100.0 200.0 300.0 400.0 500.0 600.0 700.0 800.0 900.0 1000.0,	1 0 0 1 0 0 5 1 1 2 0,	162 53 110 76 64 0 99 121 84 139 117,	frameshift substitution gene1587_gnsB:gene1587_gnsB:exon1:c.65_65delinsAT, MG1655
MG1655,	1655646,	C->A,	0.0 100.0 200.0 300.0 400.0 500.0 600.0 700.0 800.0 900.0 1000.0,	3 2 0 1 4 0 7 3 5 11 5,	292 152 137 112 124 2 170 178 158 140 189,	nonsynonymous SNV gene1620_ynfA:gene1620_ynfA:exon1:c.G28T:p.A10S, MG1655
MG1655,	1659877,	C->A,	0.0 100.0 200.0 300.0 400.0 500.0 600.0 700.0 800.0 900.0 1000.0,	5 2 2 3 4 0 2 2 1 3 2,	162 65 172 133 80 0 94 134 100 138 123,	nonsynonymous SNV gene1625_ynfE:gene1625_ynfE:exon1:c.C1809A:p.D603E, MG1655
MG1655,	1659882,	T->A,	0.0 100.0 200.0 300.0 400.0 500.0 600.0 700.0 800.0 900.0 1000.0,	2 0 2 2 5 0 2 2 0 4 1,	150 62 170 129 78 0 97 134 94 137 114,	nonsynonymous SNV gene1625_ynfE:gene1625_ynfE:exon1:c.T1814A:p.L605Q, MG1655
MG1655,	1659883,	G->A,	0.0 100.0 200.0 300.0 400.0 500.0 600.0 700.0 800.0 900.0 1000.0,	5 2 3 5 7 0 2 5 0 4 2,	149 63 177 132 80 0 97 142 98 139 116,	synonymous SNV gene1625_ynfE:gene1625_ynfE:exon1:c.G1815A:p.L605L, MG1655
MG1655,	1747146,	A->T,	0.0 100.0 200.0 300.0 400.0 500.0 600.0 700.0 800.0 900.0 1000.0,	0 0 1 5 3 0 0 0 2 5 3,	186 75 100 92 82 0 84 135 95 112 116,	nonsynonymous SNV gene1709_ydhS:gene1709_ydhS:exon1:c.A16T:p.I6F, MG1655
MG1655,	1747159,	G->C,	0.0 100.0 200.0 300.0 400.0 500.0 600.0 700.0 800.0 900.0 1000.0,	1 1 4 6 3 0 0 2 4 8 5,	193 85 120 97 82 0 87 153 98 121 117,	nonsynonymous SNV gene1709_ydhS:gene1709_ydhS:exon1:c.G29C:p.G10A, MG1655
MG1655,	1765401,	G->T,	0.0 100.0 200.0 300.0 400.0 500.0 600.0 700.0 800.0 900.0 1000.0,	3 1 1 2 1 0 1 0 0 9 2,	209 96 138 128 69 0 97 146 99 149 108,	nonsynonymous SNV gene1728_menI:gene1728_menI:exon1:c.C232A:p.Q78K, MG1655
MG1655,	1810807,	C->A,	0.0 100.0 200.0 300.0 400.0 500.0 600.0 700.0 800.0 900.0 1000.0,	2 1 3 2 1 0 2 1 1 4 9,	360 153 189 156 130 0 190 199 137 182 167,	upstream;downstream gene1772_ydjN;gene1770_yniC,gene1771_ydjM
MG1655,	1825309,	G->T,	0.0 100.0 200.0 300.0 400.0 500.0 600.0 700.0 800.0 900.0 1000.0,	0 1 3 1 0 0 1 1 2 2 3,	132 37 119 101 47 2 78 112 82 132 54,	nonsynonymous SNV gene1786_spy:gene1786_spy:exon1:c.C317A:p.A106E, MG1655
MG1655,	1825310,	C->T,	0.0 100.0 200.0 300.0 400.0 500.0 600.0 700.0 800.0 900.0 1000.0,	0 2 2 0 0 0 1 0 0 0 0,	131 36 116 96 48 2 75 113 77 128 54,	nonsynonymous SNV gene1786_spy:gene1786_spy:exon1:c.G316A:p.A106T, MG1655
MG1655,	1844594,	G->T,	0.0 100.0 200.0 300.0 400.0 500.0 600.0 700.0 800.0 900.0 1000.0,	6 2 1 3 1 0 2 6 4 9 4,	269 123 131 133 110 0 151 200 135 173 175,	nonsynonymous SNV gene1805_ynjI:gene1805_ynjI:exon1:c.C278A:p.A93E, MG1655
MG1655,	1861677,	C->A,	0.0 100.0 200.0 300.0 400.0 500.0 600.0 700.0 800.0 900.0 1000.0,	3 1 1 3 1 0 3 4 4 9 5,	232 116 157 124 91 0 99 175 133 164 125,	upstream;downstream gene1819_ydjL;gene1820_yeaC,gene1821_msrB
MG1655,	1861678,	C->A,	0.0 100.0 200.0 300.0 400.0 500.0 600.0 700.0 800.0 900.0 1000.0,	4 1 1 3 2 0 5 6 4 11 4,	226 112 147 120 89 0 100 165 125 158 113,	upstream;downstream gene1819_ydjL;gene1820_yeaC,gene1821_msrB
MG1655,	1861683,	C->A,	0.0 100.0 200.0 300.0 400.0 500.0 600.0 700.0 800.0 900.0 1000.0,	4 3 2 3 2 0 6 9 4 11 6,	226 117 159 120 92 0 99 172 128 168 118,	upstream;downstream gene1819_ydjL;gene1820_yeaC,gene1821_msrB
MG1655,	1888015,	indel;C+A;C-1,	0.0 100.0 200.0 300.0 400.0 500.0 600.0 700.0 800.0 900.0 1000.0,	0 0 6 4 0 0 2 5 0 4 2,	128 46 111 110 72 0 53 129 63 114 76,	upstream;downstream gene1849_rnd;gene1850_fadD
MG1655,	1894341,	C->A,	0.0 100.0 200.0 300.0 400.0 500.0 600.0 700.0 800.0 900.0 1000.0,	3 1 6 3 2 0 7 9 1 7 2,	203 76 147 117 78 0 105 128 91 127 125,	nonsynonymous SNV gene1855_yoaC:gene1855_yoaC:exon1:c.C209A:p.A70E, MG1655
MG1655,	1940964,	G->T,	0.0 100.0 200.0 300.0 400.0 500.0 600.0 700.0 800.0 900.0 1000.0,	3 3 0 1 0 0 2 2 2 0 3,	135 56 113 89 56 0 75 120 71 111 77,	synonymous SNV gene1904_mepM:gene1904_mepM:exon1:c.C672A:p.R224R, MG1655
MG1655,	1995643,	C->A,	0.0 100.0 200.0 300.0 400.0 500.0 600.0 700.0 800.0 900.0 1000.0,	6 3 2 2 2 0 2 4 2 7 2,	180 84 111 84 89 1 109 110 98 104 132,	upstream;downstream gene1962_uvrC,gene1963_uvrY,gene1964_yecF;gene1965_sdiA
MG1655,	2023100,	G->T,	0.0 100.0 200.0 300.0 400.0 500.0 600.0 700.0 800.0 900.0 1000.0,	3 6 2 1 0 0 3 5 3 1 5,	199 118 160 131 88 0 86 160 86 141 100,	nonsynonymous SNV gene1997_fliR:gene1997_fliR:exon1:c.G208T:p.A70S, MG1655
MG1655,	2033995,	G->T,	0.0 100.0 200.0 300.0 400.0 500.0 600.0 700.0 800.0 900.0 1000.0,	6 5 4 1 6 1 6 0 2 1 10,	185 66 56 66 71 2 130 96 92 84 129,	upstream;downstream gene2009_yedJ,gene2010_yedR,gene2012_yedS;gene2011_rseX
MG1655,	2033996,	G->T,	0.0 100.0 200.0 300.0 400.0 500.0 600.0 700.0 800.0 900.0 1000.0,	2 4 2 2 6 1 3 1 1 1 7,	172 68 52 60 74 2 123 91 88 83 119,	upstream;downstream gene2009_yedJ,gene2010_yedR,gene2012_yedS;gene2011_rseX
MG1655,	2034001,	C->T,	0.0 100.0 200.0 300.0 400.0 500.0 600.0 700.0 800.0 900.0 1000.0,	4 1 3 1 1 0 0 0 1 1 0,	190 69 58 73 68 1 132 102 101 95 120,	upstream;downstream gene2009_yedJ,gene2010_yedR,gene2012_yedS;gene2011_rseX
MG1655,	2034002,	G->T,	0.0 100.0 200.0 300.0 400.0 500.0 600.0 700.0 800.0 900.0 1000.0,	3 4 5 1 3 1 2 0 0 0 3,	183 74 61 69 66 2 126 96 98 87 121,	upstream;downstream gene2009_yedJ,gene2010_yedR,gene2012_yedS;gene2011_rseX
MG1655,	2056402,	G->A,	0.0 100.0 200.0 300.0 400.0 500.0 600.0 700.0 800.0 900.0 1000.0,	0 0 0 2 3 0 0 0 0 0 0,	186 97 152 118 57 0 96 124 88 110 99,	nonsynonymous SNV gene2027_amn:gene2027_amn:exon1:c.G1342A:p.A448T, MG1655
MG1655,	2081688,	A->T,	0.0 100.0 200.0 300.0 400.0 500.0 600.0 700.0 800.0 900.0 1000.0,	9 2 1 3 5 0 5 6 4 4 1,	242 92 164 132 100 0 125 173 121 163 128,	nonsynonymous SNV gene2060_dacD:gene2060_dacD:exon1:c.T860A:p.I287N, MG1655
MG1655,	2093590,	G->A,	0.0 100.0 200.0 300.0 400.0 500.0 600.0 700.0 800.0 900.0 1000.0,	1 4 0 2 0 0 1 0 5 2 0,	242 95 140 144 79 1 106 165 91 167 115,	synonymous SNV gene2074_hisB:gene2074_hisB:exon1:c.G123A:p.L41L, MG1655
MG1655,	2128336,	G->T,	0.0 100.0 200.0 300.0 400.0 500.0 600.0 700.0 800.0 900.0 1000.0,	3 0 2 2 1 0 2 2 5 0 0,	190 94 122 101 90 0 109 126 88 103 113,	upstream;downstream gene2105_gmd;gene2106_wcaF,gene2107_wcaE
MG1655,	2168532,	G->T,	0.0 100.0 200.0 300.0 400.0 500.0 600.0 700.0 800.0 900.0 1000.0,	10 4 2 3 9 0 18 5 9 10 8,	384 162 181 185 152 1 228 216 187 169 235,	upstream gene2140_yegZ,gene2141_yegR,gene2142_yegS
MG1655,	2168534,	A->T,	0.0 100.0 200.0 300.0 400.0 500.0 600.0 700.0 800.0 900.0 1000.0,	4 2 0 1 8 0 10 3 5 5 5,	378 160 170 186 144 1 221 206 186 168 219,	upstream gene2140_yegZ,gene2141_yegR,gene2142_yegS
MG1655,	2168535,	A->T,	0.0 100.0 200.0 300.0 400.0 500.0 600.0 700.0 800.0 900.0 1000.0,	8 1 1 1 8 0 8 3 5 4 5,	387 156 174 183 147 1 218 210 177 165 230,	upstream gene2140_yegZ,gene2141_yegR,gene2142_yegS
MG1655,	2173360,	indel;A-2,	0.0 100.0 200.0 300.0 400.0 500.0 600.0 700.0 800.0 900.0 1000.0,	122 59 97 113 58 0 83 92 70 101 65,	129 62 109 120 65 0 94 96 71 115 70,	frameshift deletion gene2147_gatC:gene2147_gatC:exon2:c.917delT:p.V306fs, MG1655
MG1655,	2196062,	A->G,	0.0 100.0 200.0 300.0 400.0 500.0 600.0 700.0 800.0 900.0 1000.0,	0 0 0 0 0 0 3 2 0 1 0,	143 52 133 109 62 1 51 133 75 129 61,	nonsynonymous SNV gene2169_metG:gene2169_metG:exon1:c.A1763G:p.N588S, MG1655
MG1655,	2218590,	G->T,	0.0 100.0 200.0 300.0 400.0 500.0 600.0 700.0 800.0 900.0 1000.0,	3 4 1 2 1 0 0 1 0 0 2,	159 60 108 91 65 0 54 117 62 130 67,	nonsynonymous SNV gene2186_osmF:gene2186_osmF:exon1:c.C892A:p.L298M, MG1655
MG1655,	2218591,	G->T,	0.0 100.0 200.0 300.0 400.0 500.0 600.0 700.0 800.0 900.0 1000.0,	3 5 2 3 1 0 0 1 0 0 1,	166 60 110 92 64 0 55 120 63 137 70,	stopgain gene2186_osmF:gene2186_osmF:exon1:c.C891A:p.Y297X, MG1655
MG1655,	2231119,	T->C,	0.0 100.0 200.0 300.0 400.0 500.0 600.0 700.0 800.0 900.0 1000.0,	241 124 154 125 106 1 115 167 121 130 135,	241 124 154 125 106 1 115 167 121 130 135,	nonsynonymous SNV gene2197_yohK:gene2197_yohK:exon1:c.T101C:p.L34S, MG1655
MG1655,	2265813,	G->T,	0.0 100.0 200.0 300.0 400.0 500.0 600.0 700.0 800.0 900.0 1000.0,	6 0 3 5 5 0 0 1 0 0 0,	235 144 147 142 100 0 136 143 116 154 148,	nonsynonymous SNV gene2227_yeiP:gene2227_yeiP:exon1:c.G364T:p.G122C, MG1655
MG1655,	2303898,	C->A,	0.0 100.0 200.0 300.0 400.0 500.0 600.0 700.0 800.0 900.0 1000.0,	4 0 1 3 3 0 4 0 2 4 8,	180 65 99 90 68 0 104 135 82 167 108,	upstream gene2262_napD,gene2263_napF,gene2264_eco
MG1655,	2304649,	C->T,	0.0 100.0 200.0 300.0 400.0 500.0 600.0 700.0 800.0 900.0 1000.0,	5 1 3 0 0 0 2 0 2 2 0,	41 15 39 19 23 0 19 27 18 28 14,	downstream gene2264_eco,gene2265_mqo
MG1655,	2356422,	T->A,	0.0 100.0 200.0 300.0 400.0 500.0 600.0 700.0 800.0 900.0 1000.0,	7 1 2 1 4 0 2 1 1 2 2,	187 83 119 117 71 2 98 111 76 125 88,	nonsynonymous SNV gene2298_glpC:gene2298_glpC:exon1:c.T902A:p.M301K, MG1655
MG1655,	2361535,	A->T,	0.0 100.0 200.0 300.0 400.0 500.0 600.0 700.0 800.0 900.0 1000.0,	3 0 6 1 3 0 3 3 3 3 4,	198 69 140 120 73 0 92 147 80 137 78,	nonsynonymous SNV gene2304_rhmR:gene2304_rhmR:exon1:c.T677A:p.I226N, MG1655
MG1655,	2364348,	C->A,	0.0 100.0 200.0 300.0 400.0 500.0 600.0 700.0 800.0 900.0 1000.0,	3 0 4 4 3 0 2 0 3 1 6,	186 63 119 83 74 0 108 117 95 125 100,	upstream;downstream gene2305_yfaY,gene2306_yfaZ,gene2307_nudI;gene2308_ais
MG1655,	2364351,	T->A,	0.0 100.0 200.0 300.0 400.0 500.0 600.0 700.0 800.0 900.0 1000.0,	2 0 3 2 3 0 1 0 2 2 5,	191 64 117 79 84 0 107 109 96 130 97,	upstream;downstream gene2305_yfaY,gene2306_yfaZ,gene2307_nudI;gene2308_ais
MG1655,	2364352,	G->A,	0.0 100.0 200.0 300.0 400.0 500.0 600.0 700.0 800.0 900.0 1000.0,	5 1 2 1 3 0 1 0 2 2 7,	184 62 118 75 71 0 97 101 94 119 94,	upstream;downstream gene2305_yfaY,gene2306_yfaZ,gene2307_nudI;gene2308_ais
MG1655,	2364354,	G->A,	0.0 100.0 200.0 300.0 400.0 500.0 600.0 700.0 800.0 900.0 1000.0,	5 0 3 2 3 0 2 0 3 1 6,	179 62 111 72 73 0 99 99 92 111 92,	upstream;downstream gene2305_yfaY,gene2306_yfaZ,gene2307_nudI;gene2308_ais
MG1655,	2364355,	C->A,	0.0 100.0 200.0 300.0 400.0 500.0 600.0 700.0 800.0 900.0 1000.0,	6 0 3 2 3 0 2 1 3 4 7,	177 59 111 69 71 0 103 97 87 109 96,	upstream;downstream gene2305_yfaY,gene2306_yfaZ,gene2307_nudI;gene2308_ais
MG1655,	2364356,	G->A,	0.0 100.0 200.0 300.0 400.0 500.0 600.0 700.0 800.0 900.0 1000.0,	5 0 3 3 3 0 2 1 3 4 7,	175 60 112 75 74 0 103 99 91 116 96,	upstream;downstream gene2305_yfaY,gene2306_yfaZ,gene2307_nudI;gene2308_ais
MG1655,	2380688,	indel;C+A;C-1,	0.0 100.0 200.0 300.0 400.0 500.0 600.0 700.0 800.0 900.0 1000.0,	3 1 0 0 6 0 1 2 0 0 1,	230 95 114 123 118 0 123 167 128 121 134,	upstream;downstream gene2322_menF,gene2325_rbn;gene2323_elaB,gene2324_elaA
MG1655,	2407540,	C->A,	0.0 100.0 200.0 300.0 400.0 500.0 600.0 700.0 800.0 900.0 1000.0,	2 2 4 2 1 0 1 1 2 2 8,	268 122 176 152 112 0 144 144 140 154 150,	upstream gene2346_lrhA,gene2347_alaA
MG1655,	2408883,	G->T,	0.0 100.0 200.0 300.0 400.0 500.0 600.0 700.0 800.0 900.0 1000.0,	9 3 10 6 7 0 7 8 4 7 5,	214 73 160 120 90 2 91 124 97 182 105,	nonsynonymous SNV gene2348_yfbR:gene2348_yfbR:exon1:c.G22T:p.A8S, MG1655
MG1655,	2408885,	C->T,	0.0 100.0 200.0 300.0 400.0 500.0 600.0 700.0 800.0 900.0 1000.0,	7 0 5 1 5 0 3 4 3 4 3,	211 70 156 116 90 1 93 123 102 183 103,	synonymous SNV gene2348_yfbR:gene2348_yfbR:exon1:c.C24T:p.A8A, MG1655
MG1655,	2408886,	C->T,	0.0 100.0 200.0 300.0 400.0 500.0 600.0 700.0 800.0 900.0 1000.0,	6 4 5 2 3 0 3 3 4 4 2,	210 73 151 119 90 1 92 118 100 189 103,	nonsynonymous SNV gene2348_yfbR:gene2348_yfbR:exon1:c.C25T:p.H9Y, MG1655
MG1655,	2427543,	C->T,	0.0 100.0 200.0 300.0 400.0 500.0 600.0 700.0 800.0 900.0 1000.0,	4 1 2 1 5 0 0 1 1 3 2,	195 86 157 114 92 0 93 160 82 162 101,	synonymous SNV gene2367_argT:gene2367_argT:exon1:c.G249A:p.A83A, MG1655
MG1655,	2462880,	indel;T-1;T+C;T+CC,	0.0 100.0 200.0 300.0 400.0 500.0 600.0 700.0 800.0 900.0 1000.0,	15 4 9 14 8 0 5 4 4 15 14,	299 147 163 164 124 0 165 196 153 222 185,	upstream;downstream gene2401_yfdF;gene2400_fadL
MG1655,	2469734,	G->T,	0.0 100.0 200.0 300.0 400.0 500.0 600.0 700.0 800.0 900.0 1000.0,	1 1 2 0 0 0 3 2 3 4 5,	188 91 82 46 92 0 146 97 127 75 152,	nonsynonymous SNV gene2408_gtrS:gene2408_gtrS:exon1:c.G604T:p.D202Y, MG1655
MG1655,	2473884,	T->G,	0.0 100.0 200.0 300.0 400.0 500.0 600.0 700.0 800.0 900.0 1000.0,	3 1 2 1 2 0 0 1 5 1 1,	253 91 158 156 102 0 116 155 90 169 107,	nonsynonymous SNV gene2415_yfdP:gene2415_yfdP:exon1:c.T281G:p.L94R, MG1655
MG1655,	2510887,	C->A,	0.0 100.0 200.0 300.0 400.0 500.0 600.0 700.0 800.0 900.0 1000.0,	2 4 2 1 2 0 4 0 2 12 2,	272 116 158 152 94 2 120 152 107 165 142,	upstream;downstream gene2450_ypeC;gene2449_yfeO,gene2451_mntH
MG1655,	2545070,	C->T,	0.0 100.0 200.0 300.0 400.0 500.0 600.0 700.0 800.0 900.0 1000.0,	2 4 0 2 0 0 1 1 0 1 1,	158 72 109 110 66 0 89 134 81 143 100,	synonymous SNV gene2487_murR:gene2487_murR:exon1:c.G540A:p.L180L, MG1655
MG1655,	2545234,	G->T,	0.0 100.0 200.0 300.0 400.0 500.0 600.0 700.0 800.0 900.0 1000.0,	4 4 1 2 2 0 0 2 1 1 2,	181 70 106 100 74 0 69 101 75 105 96,	nonsynonymous SNV gene2487_murR:gene2487_murR:exon1:c.C376A:p.Q126K, MG1655
MG1655,	2576005,	A->T,	0.0 100.0 200.0 300.0 400.0 500.0 600.0 700.0 800.0 900.0 1000.0,	0 1 0 3 1 0 3 1 0 2 1,	110 57 60 45 78 0 145 97 119 82 146,	upstream;downstream gene2521_eutP,gene2522_eutS;gene2523_maeB
MG1655,	2576008,	A->T,	0.0 100.0 200.0 300.0 400.0 500.0 600.0 700.0 800.0 900.0 1000.0,	0 2 0 3 1 0 4 0 0 3 2,	106 54 61 42 80 0 138 93 116 80 144,	upstream;downstream gene2521_eutP,gene2522_eutS;gene2523_maeB
MG1655,	2576011,	C->T,	0.0 100.0 200.0 300.0 400.0 500.0 600.0 700.0 800.0 900.0 1000.0,	0 1 0 4 2 0 4 2 0 2 0,	110 48 58 41 74 0 134 92 111 75 135,	upstream;downstream gene2521_eutP,gene2522_eutS;gene2523_maeB
MG1655,	2576012,	G->T,	0.0 100.0 200.0 300.0 400.0 500.0 600.0 700.0 800.0 900.0 1000.0,	2 1 0 3 1 0 2 2 2 3 1,	107 47 54 41 73 0 129 88 103 73 127,	upstream;downstream gene2521_eutP,gene2522_eutS;gene2523_maeB
MG1655,	2634152,	G->T,	0.0 100.0 200.0 300.0 400.0 500.0 600.0 700.0 800.0 900.0 1000.0,	10 8 4 5 1 0 7 10 5 10 2,	312 133 142 153 102 3 136 188 128 188 146,	upstream gene2570_guaB,gene2571_xseA
MG1655,	2634157,	A->T,	0.0 100.0 200.0 300.0 400.0 500.0 600.0 700.0 800.0 900.0 1000.0,	5 7 0 3 0 0 0 1 2 3 1,	322 133 140 156 102 3 134 188 126 185 148,	upstream gene2570_guaB,gene2571_xseA
MG1655,	2662013,	G->A,	0.0 100.0 200.0 300.0 400.0 500.0 600.0 700.0 800.0 900.0 1000.0,	0 4 24 10 9 0 0 0 0 0 0,	186 83 134 103 78 0 82 135 91 155 134,	nonsynonymous SNV gene2594_iscR:gene2594_iscR:exon1:c.C119T:p.S40F, MG1655
MG1655,	2677131,	G->T,	0.0 100.0 200.0 300.0 400.0 500.0 600.0 700.0 800.0 900.0 1000.0,	0 3 0 2 2 0 1 2 3 1 4,	123 75 127 75 54 0 71 93 63 93 71,	nonsynonymous SNV gene2611_yphE:gene2611_yphE:exon1:c.C1231A:p.Q411K, MG1655
MG1655,	2715143,	C->T,	0.0 100.0 200.0 300.0 400.0 500.0 600.0 700.0 800.0 900.0 1000.0,	1 4 2 2 2 0 1 1 0 1 0,	175 61 145 122 79 0 96 150 65 144 81,	nonsynonymous SNV gene2644_yfiE:gene2644_yfiE:exon1:c.G178A:p.E60K, MG1655
MG1655,	2715144,	G->T,	0.0 100.0 200.0 300.0 400.0 500.0 600.0 700.0 800.0 900.0 1000.0,	0 3 1 1 2 0 1 1 0 1 1,	173 57 144 126 82 0 93 149 63 142 82,	synonymous SNV gene2644_yfiE:gene2644_yfiE:exon1:c.C177A:p.R59R, MG1655
MG1655,	2715146,	G->T,	0.0 100.0 200.0 300.0 400.0 500.0 600.0 700.0 800.0 900.0 1000.0,	0 3 3 3 1 0 1 1 0 1 1,	174 60 150 121 80 0 97 148 71 148 84,	nonsynonymous SNV gene2644_yfiE:gene2644_yfiE:exon1:c.C175A:p.R59S, MG1655
MG1655,	2715670,	indel;T+C,	0.0 100.0 200.0 300.0 400.0 500.0 600.0 700.0 800.0 900.0 1000.0,	8 6 5 5 2 0 0 0 0 0 0,	233 81 183 135 84 1 72 164 99 140 124,	frameshift substitution gene2645_eamB:gene2645_eamB:exon1:c.248_248delinsTC, MG1655
MG1655,	2730930,	T->C,	0.0 100.0 200.0 300.0 400.0 500.0 600.0 700.0 800.0 900.0 1000.0,	237 106 134 147 121 0 106 154 105 145 125,	237 106 135 148 121 0 106 154 105 145 126,	ncRNA_exonic gene2658_rrsG
MG1655,	2751942,	G->C,	0.0 100.0 200.0 300.0 400.0 500.0 600.0 700.0 800.0 900.0 1000.0,	8 2 3 9 2 0 2 7 5 5 6,	122 60 114 107 52 0 68 88 69 111 68,	nonsynonymous SNV gene2682_recN:gene2682_recN:exon1:c.G148C:p.A50P, MG1655
MG1655,	2751943,	C->G,	0.0 100.0 200.0 300.0 400.0 500.0 600.0 700.0 800.0 900.0 1000.0,	9 2 4 9 1 0 3 6 4 9 2,	115 56 109 107 50 0 69 85 67 116 64,	nonsynonymous SNV gene2682_recN:gene2682_recN:exon1:c.C149G:p.A50G, MG1655
MG1655,	2751945,	G->A,	0.0 100.0 200.0 300.0 400.0 500.0 600.0 700.0 800.0 900.0 1000.0,	8 3 9 8 5 0 1 9 4 8 2,	117 60 114 109 57 1 70 97 68 122 63,	nonsynonymous SNV gene2682_recN:gene2682_recN:exon1:c.G151A:p.E51K, MG1655
MG1655,	2751947,	A->C,	0.0 100.0 200.0 300.0 400.0 500.0 600.0 700.0 800.0 900.0 1000.0,	6 2 6 6 1 0 3 4 1 4 1,	117 62 112 107 54 1 71 93 65 117 63,	nonsynonymous SNV gene2682_recN:gene2682_recN:exon1:c.A153C:p.E51D, MG1655
MG1655,	2751948,	G->A,	0.0 100.0 200.0 300.0 400.0 500.0 600.0 700.0 800.0 900.0 1000.0,	5 2 2 5 1 0 3 7 5 3 3,	118 59 110 111 54 1 74 97 69 119 67,	nonsynonymous SNV gene2682_recN:gene2682_recN:exon1:c.G154A:p.A52T, MG1655
MG1655,	2751949,	C->T,	0.0 100.0 200.0 300.0 400.0 500.0 600.0 700.0 800.0 900.0 1000.0,	8 2 2 1 3 0 1 6 6 4 2,	123 60 113 101 57 1 71 95 69 116 67,	nonsynonymous SNV gene2682_recN:gene2682_recN:exon1:c.C155T:p.A52V, MG1655
MG1655,	2751950,	C->T,	0.0 100.0 200.0 300.0 400.0 500.0 600.0 700.0 800.0 900.0 1000.0,	3 0 1 3 2 0 1 6 3 5 2,	115 56 109 106 59 1 71 95 67 116 68,	synonymous SNV gene2682_recN:gene2682_recN:exon1:c.C156T:p.A52A, MG1655
MG1655,	2751951,	G->A,	0.0 100.0 200.0 300.0 400.0 500.0 600.0 700.0 800.0 900.0 1000.0,	6 1 3 7 1 0 1 6 1 3 3,	117 56 107 110 58 1 71 95 65 117 71,	nonsynonymous SNV gene2682_recN:gene2682_recN:exon1:c.G157A:p.D53N, MG1655
MG1655,	2751955,	T->A,	0.0 100.0 200.0 300.0 400.0 500.0 600.0 700.0 800.0 900.0 1000.0,	3 0 3 3 1 0 1 4 2 4 5,	120 58 126 111 61 1 74 97 66 125 77,	nonsynonymous SNV gene2682_recN:gene2682_recN:exon1:c.T161A:p.M54K, MG1655
MG1655,	2751956,	G->A,	0.0 100.0 200.0 300.0 400.0 500.0 600.0 700.0 800.0 900.0 1000.0,	6 1 4 5 2 0 2 5 4 4 2,	125 54 123 114 62 1 76 94 63 122 76,	nonsynonymous SNV gene2682_recN:gene2682_recN:exon1:c.G162A:p.M54I, MG1655
MG1655,	2757663,	C->T,	0.0 100.0 200.0 300.0 400.0 500.0 600.0 700.0 800.0 900.0 1000.0,	4 1 1 0 5 0 1 3 2 3 4,	280 125 117 100 87 0 143 173 158 159 157,	nonsynonymous SNV gene2689_yfjH:gene2689_yfjH:exon1:c.G938A:p.R313K, MG1655
MG1655,	2830032,	G->T,	0.0 100.0 200.0 300.0 400.0 500.0 600.0 700.0 800.0 900.0 1000.0,	2 0 1 0 0 0 0 0 2 0 6,	153 69 154 146 65 0 95 133 62 168 114,	nonsynonymous SNV gene2768_srlQ:gene2768_srlQ:exon1:c.G220T:p.V74F, MG1655
MG1655,	2831704,	G->T,	0.0 100.0 200.0 300.0 400.0 500.0 600.0 700.0 800.0 900.0 1000.0,	2 0 1 0 3 0 0 0 1 3 2,	153 72 117 105 60 0 101 125 71 128 93,	nonsynonymous SNV gene2769_norR:gene2769_norR:exon1:c.C586A:p.Q196K, MG1655
MG1655,	2841835,	C->A,	0.0 100.0 200.0 300.0 400.0 500.0 600.0 700.0 800.0 900.0 1000.0,	5 1 2 4 0 0 1 3 0 6 5,	136 44 118 81 53 0 54 109 61 132 90,	nonsynonymous SNV gene2776_ascB:gene2776_ascB:exon1:c.C846A:p.F282L, MG1655
MG1655,	2841836,	C->A,	0.0 100.0 200.0 300.0 400.0 500.0 600.0 700.0 800.0 900.0 1000.0,	6 0 2 5 1 0 2 7 0 3 3,	128 42 111 79 56 0 49 103 59 124 84,	nonsynonymous SNV gene2776_ascB:gene2776_ascB:exon1:c.C847A:p.R283S, MG1655
MG1655,	2841838,	C->A,	0.0 100.0 200.0 300.0 400.0 500.0 600.0 700.0 800.0 900.0 1000.0,	4 1 0 3 0 0 5 3 0 6 5,	128 43 110 76 52 0 54 97 60 122 86,	synonymous SNV gene2776_ascB:gene2776_ascB:exon1:c.C849A:p.R283R, MG1655
MG1655,	2841839,	G->A,	0.0 100.0 200.0 300.0 400.0 500.0 600.0 700.0 800.0 900.0 1000.0,	6 1 2 3 0 0 3 2 1 5 4,	133 42 114 80 53 0 50 100 60 126 87,	nonsynonymous SNV gene2776_ascB:gene2776_ascB:exon1:c.G850A:p.E284K, MG1655
MG1655,	2870724,	indel;C-1,	0.0 100.0 200.0 300.0 400.0 500.0 600.0 700.0 800.0 900.0 1000.0,	2 0 0 1 1 0 0 0 3 0 1,	163 66 114 100 69 0 71 107 60 125 91,	frameshift deletion gene2805_truD:gene2805_truD:exon1:c.581delG:p.W194fs, MG1655
MG1655,	2900297,	C->A,	0.0 100.0 200.0 300.0 400.0 500.0 600.0 700.0 800.0 900.0 1000.0,	3 0 2 1 1 0 1 3 1 9 0,	113 58 116 104 61 0 68 122 62 122 100,	upstream gene2833_ygcU,gene2834_ygcW,gene2835_yqcE
MG1655,	2900297,	indel;C+A;C-1,	0.0 100.0 200.0 300.0 400.0 500.0 600.0 700.0 800.0 900.0 1000.0,	7 1 4 4 2 0 3 7 2 2 6,	110 58 114 102 61 0 66 121 60 119 99,	upstream gene2833_ygcU,gene2834_ygcW,gene2835_yqcE
MG1655,	2900568,	G->T,	0.0 100.0 200.0 300.0 400.0 500.0 600.0 700.0 800.0 900.0 1000.0,	2 3 5 1 1 0 2 3 1 4 7,	172 67 125 122 61 0 88 162 88 128 93,	upstream gene2834_ygcW,gene2835_yqcE
MG1655,	2947714,	G->T,	0.0 100.0 200.0 300.0 400.0 500.0 600.0 700.0 800.0 900.0 1000.0,	2 0 1 5 2 0 1 4 3 3 2,	123 50 101 86 49 0 57 140 53 96 87,	upstream;downstream gene2876_mltA;gene2877_metZ,gene2878_metW,gene2879_metV,gene2880_amiC
MG1655,	2947720,	G->T,	0.0 100.0 200.0 300.0 400.0 500.0 600.0 700.0 800.0 900.0 1000.0,	2 0 1 6 2 0 2 3 2 3 2,	123 46 99 91 48 0 61 136 55 100 88,	upstream;downstream gene2876_mltA;gene2877_metZ,gene2878_metW,gene2879_metV,gene2880_amiC
MG1655,	2968696,	G->T,	0.0 100.0 200.0 300.0 400.0 500.0 600.0 700.0 800.0 900.0 1000.0,	0 1 1 6 1 0 1 1 1 2 0,	167 46 160 106 76 0 67 154 80 131 103,	synonymous SNV gene2893_rppH:gene2893_rppH:exon1:c.C282A:p.G94G, MG1655
MG1655,	2976481,	G->T,	0.0 100.0 200.0 300.0 400.0 500.0 600.0 700.0 800.0 900.0 1000.0,	0 1 1 0 1 0 1 2 0 0 5,	189 85 116 120 82 0 86 159 78 121 95,	upstream gene2899_aas,gene2900_omrA,gene2901_omrB,gene2902_galR
MG1655,	3035572,	G->A,	0.0 100.0 200.0 300.0 400.0 500.0 600.0 700.0 800.0 900.0 1000.0,	0 0 0 2 0 0 0 0 0 0 5,	142 62 136 120 84 0 90 142 78 141 100,	nonsynonymous SNV gene2954_prfB:gene2954_prfB:exon2:c.C710T:p.A237V, MG1655
MG1655,	3086521,	C->A,	0.0 100.0 200.0 300.0 400.0 500.0 600.0 700.0 800.0 900.0 1000.0,	6 3 2 0 5 0 5 7 1 12 8,	184 67 118 125 68 0 91 124 83 167 116,	upstream;downstream gene3002_speA,gene3003_yqgB,gene3005_metK;gene3004_yqgC
MG1655,	3154198,	indel;T-1;T+A,	0.0 100.0 200.0 300.0 400.0 500.0 600.0 700.0 800.0 900.0 1000.0,	7 2 3 9 2 0 3 4 1 2 9,	157 63 150 125 79 1 103 156 97 155 106,	frameshift substitution gene3069_yghB:gene3069_yghB:exon1:c.636_636delinsTA, MG1655
MG1655,	3161975,	C->G,	0.0 100.0 200.0 300.0 400.0 500.0 600.0 700.0 800.0 900.0 1000.0,	0 0 0 0 0 0 51 36 49 62 24,	238 99 151 129 100 0 107 186 96 162 105,	nonsynonymous SNV gene3076_ftsP:gene3076_ftsP:exon1:c.G695C:p.R232P, MG1655
MG1655,	3172130,	C->A,	0.0 100.0 200.0 300.0 400.0 500.0 600.0 700.0 800.0 900.0 1000.0,	6 4 3 1 5 0 8 3 5 2 11,	352 192 128 103 147 1 178 201 168 162 213,	nonsynonymous SNV gene3086_ygiZ:gene3086_ygiZ:exon1:c.G82T:p.A28S, MG1655
MG1655,	3214660,	A->G,	0.0 100.0 200.0 300.0 400.0 500.0 600.0 700.0 800.0 900.0 1000.0,	4 2 6 4 2 0 3 8 7 11 6,	155 71 141 133 67 2 82 113 59 124 93,	synonymous SNV gene3129_rpoD:gene3129_rpoD:exon1:c.A1614G:p.E538E, MG1655
MG1655,	3252299,	C->A,	0.0 100.0 200.0 300.0 400.0 500.0 600.0 700.0 800.0 900.0 1000.0,	3 1 5 5 5 0 4 5 3 10 9,	256 120 159 144 125 0 124 185 117 213 159,	upstream;downstream gene3165_yhaH,gene3166_yhaI;gene3164_yqjG
MG1655,	3255311,	G->A,	0.0 100.0 200.0 300.0 400.0 500.0 600.0 700.0 800.0 900.0 1000.0,	2 0 0 0 0 0 0 1 4 0 0,	164 66 163 130 62 0 76 130 75 174 97,	downstream gene3168_yhaK,gene3169_yhaL,gene3170_yhaM
MG1655,	3277211,	G->T,	0.0 100.0 200.0 300.0 400.0 500.0 600.0 700.0 800.0 900.0 1000.0,	7 1 2 6 6 0 5 4 3 2 4,	262 133 129 150 91 1 131 161 117 180 129,	nonsynonymous SNV gene3188_prlF:gene3188_prlF:exon1:c.G210T:p.L70F, MG1655
MG1655,	3277220,	G->T,	0.0 100.0 200.0 300.0 400.0 500.0 600.0 700.0 800.0 900.0 1000.0,	3 0 1 3 5 0 4 2 2 1 2,	268 122 131 142 88 1 123 162 135 182 122,	synonymous SNV gene3188_prlF:gene3188_prlF:exon1:c.G219T:p.L73L, MG1655
MG1655,	3301460,	G->T,	0.0 100.0 200.0 300.0 400.0 500.0 600.0 700.0 800.0 900.0 1000.0,	2 0 1 0 0 0 0 2 3 0 0,	140 41 101 115 56 0 65 136 53 127 68,	upstream gene3215_yhbS,gene3216_yhbT,gene3217_yhbU
MG1655,	3321232,	C->A,	0.0 100.0 200.0 300.0 400.0 500.0 600.0 700.0 800.0 900.0 1000.0,	4 0 3 1 3 0 1 1 7 3 3,	276 89 158 120 98 2 143 141 127 165 183,	nonsynonymous SNV gene3234_yhbX:gene3234_yhbX:exon1:c.G382T:p.A128S, MG1655
MG1655,	3321233,	C->A,	0.0 100.0 200.0 300.0 400.0 500.0 600.0 700.0 800.0 900.0 1000.0,	7 1 3 1 0 0 3 6 9 6 5,	278 94 161 115 109 2 145 148 136 171 195,	nonsynonymous SNV gene3234_yhbX:gene3234_yhbX:exon1:c.G381T:p.L127F, MG1655
MG1655,	3338454,	G->T,	0.0 100.0 200.0 300.0 400.0 500.0 600.0 700.0 800.0 900.0 1000.0,	2 0 2 3 5 0 1 0 0 1 1,	120 40 124 81 70 0 64 125 60 103 64,	nonsynonymous SNV gene3254_mlaD:gene3254_mlaD:exon1:c.C8A:p.T3K, MG1655
MG1655,	3338458,	G->T,	0.0 100.0 200.0 300.0 400.0 500.0 600.0 700.0 800.0 900.0 1000.0,	2 0 2 2 4 0 0 0 0 1 1,	108 38 116 79 56 0 57 111 51 94 61,	nonsynonymous SNV gene3254_mlaD:gene3254_mlaD:exon1:c.C4A:p.Q2K, MG1655
MG1655,	3338462,	G->T,	0.0 100.0 200.0 300.0 400.0 500.0 600.0 700.0 800.0 900.0 1000.0,	1 0 1 0 3 0 0 0 0 0 2,	112 35 105 72 51 0 56 113 53 102 62,	upstream;downstream gene3253_mlaC,gene3254_mlaD;gene3255_mlaE,gene3256_mlaF
MG1655,	3346740,	C->A,	0.0 100.0 200.0 300.0 400.0 500.0 600.0 700.0 800.0 900.0 1000.0,	2 4 1 1 1 0 1 1 1 0 1,	180 74 146 142 95 0 103 142 80 168 124,	nonsynonymous SNV gene3265_ptsN:gene3265_ptsN:exon1:c.C163A:p.L55M, MG1655
MG1655,	3346742,	G->A,	0.0 100.0 200.0 300.0 400.0 500.0 600.0 700.0 800.0 900.0 1000.0,	2 4 1 1 3 0 1 2 0 0 0,	180 75 139 142 92 1 99 142 73 170 122,	synonymous SNV gene3265_ptsN:gene3265_ptsN:exon1:c.G165A:p.L55L, MG1655
MG1655,	3346744,	C->A,	0.0 100.0 200.0 300.0 400.0 500.0 600.0 700.0 800.0 900.0 1000.0,	3 5 2 2 3 0 2 4 1 0 1,	178 76 143 143 93 1 104 144 82 168 119,	nonsynonymous SNV gene3265_ptsN:gene3265_ptsN:exon1:c.C167A:p.T56K, MG1655
MG1655,	3346745,	G->A,	0.0 100.0 200.0 300.0 400.0 500.0 600.0 700.0 800.0 900.0 1000.0,	2 4 2 0 1 0 1 1 0 0 0,	174 74 133 139 88 1 98 135 79 161 125,	synonymous SNV gene3265_ptsN:gene3265_ptsN:exon1:c.G168A:p.T56T, MG1655
MG1655,	3346746,	C->A,	0.0 100.0 200.0 300.0 400.0 500.0 600.0 700.0 800.0 900.0 1000.0,	5 5 2 1 2 0 1 5 1 0 1,	166 67 119 134 85 1 85 133 80 145 113,	synonymous SNV gene3265_ptsN:gene3265_ptsN:exon1:c.C169A:p.R57R, MG1655
MG1655,	3346747,	G->A,	0.0 100.0 200.0 300.0 400.0 500.0 600.0 700.0 800.0 900.0 1000.0,	4 4 2 2 1 0 1 1 1 0 1,	169 68 121 137 88 1 86 131 80 143 112,	nonsynonymous SNV gene3265_ptsN:gene3265_ptsN:exon1:c.G170A:p.R57Q, MG1655
MG1655,	3346748,	G->A,	0.0 100.0 200.0 300.0 400.0 500.0 600.0 700.0 800.0 900.0 1000.0,	2 4 2 1 1 0 1 1 0 1 1,	169 69 123 138 85 1 89 131 83 144 115,	synonymous SNV gene3265_ptsN:gene3265_ptsN:exon1:c.G171A:p.R57R, MG1655
MG1655,	3346749,	G->A,	0.0 100.0 200.0 300.0 400.0 500.0 600.0 700.0 800.0 900.0 1000.0,	3 4 2 2 4 0 1 2 0 0 2,	173 64 123 137 86 1 85 136 79 145 116,	nonsynonymous SNV gene3265_ptsN:gene3265_ptsN:exon1:c.G172A:p.E58K, MG1655
MG1655,	3349351,	G->T,	0.0 100.0 200.0 300.0 400.0 500.0 600.0 700.0 800.0 900.0 1000.0,	3 0 2 0 2 0 0 0 0 1 4,	121 63 122 100 65 0 62 121 75 115 80,	nonsynonymous SNV gene3269_mtgA:gene3269_mtgA:exon1:c.C459A:p.S153R, MG1655
MG1655,	3363110,	G->A,	0.0 100.0 200.0 300.0 400.0 500.0 600.0 700.0 800.0 900.0 1000.0,	6 0 2 1 2 0 3 4 4 0 13,	301 150 161 158 135 0 148 250 161 211 244,	nonsynonymous SNV gene3278_yhcD:gene3278_yhcD:exon1:c.G304A:p.E102K, MG1655
MG1655,	3378855,	G->T,	0.0 100.0 200.0 300.0 400.0 500.0 600.0 700.0 800.0 900.0 1000.0,	2 0 5 3 1 1 5 5 2 3 3,	167 83 143 122 73 3 93 143 98 136 98,	upstream;downstream gene3292_rpsI,gene3293_rplM;gene3294_zapE
MG1655,	3378860,	G->T,	0.0 100.0 200.0 300.0 400.0 500.0 600.0 700.0 800.0 900.0 1000.0,	2 0 4 4 1 1 5 4 3 1 4,	162 81 144 122 74 3 88 144 97 134 102,	upstream;downstream gene3292_rpsI,gene3293_rplM;gene3294_zapE
MG1655,	3385341,	T->A,	0.0 100.0 200.0 300.0 400.0 500.0 600.0 700.0 800.0 900.0 1000.0,	0 0 4 0 0 0 0 0 1 3 0,	93 39 75 35 65 0 104 115 115 115 126,	upstream;downstream gene3300_yhcN;gene3299_argR,gene3301_yhcO,gene3302_aaeB
MG1655,	3385343,	G->A,	0.0 100.0 200.0 300.0 400.0 500.0 600.0 700.0 800.0 900.0 1000.0,	0 0 4 0 0 0 0 1 0 5 1,	89 39 71 32 66 0 105 111 114 110 128,	upstream;downstream gene3300_yhcN;gene3299_argR,gene3301_yhcO,gene3302_aaeB
MG1655,	3385845,	indel;C+T;C-1,	0.0 100.0 200.0 300.0 400.0 500.0 600.0 700.0 800.0 900.0 1000.0,	1 5 0 0 0 0 2 2 0 2 3,	173 81 151 111 60 0 83 161 68 128 124,	downstream gene3299_argR,gene3300_yhcN,gene3301_yhcO,gene3302_aaeB
MG1655,	3465678,	C->A,	0.0 100.0 200.0 300.0 400.0 500.0 600.0 700.0 800.0 900.0 1000.0,	7 1 3 8 4 0 6 10 4 6 6,	220 93 138 141 85 1 113 169 94 148 119,	frameshift deletion gene3397_gspO:gene3397_gspO:exon1:c.136delC:p.Q46fs, MG1655
MG1655,	3465678,	indel;C+A;C-1,	0.0 100.0 200.0 300.0 400.0 500.0 600.0 700.0 800.0 900.0 1000.0,	5 3 1 1 2 0 2 5 1 2 8,	217 91 137 141 82 1 111 167 94 146 117,	frameshift deletion gene3397_gspO:gene3397_gspO:exon1:c.136delC:p.Q46fs, MG1655
MG1655,	3487072,	G->T,	0.0 100.0 200.0 300.0 400.0 500.0 600.0 700.0 800.0 900.0 1000.0,	4 0 4 3 0 0 1 4 5 5 2,	182 85 150 106 86 1 77 146 78 127 97,	nonsynonymous SNV gene3421_yhfK:gene3421_yhfK:exon1:c.G282T:p.L94F, MG1655
MG1655,	3487079,	G->T,	0.0 100.0 200.0 300.0 400.0 500.0 600.0 700.0 800.0 900.0 1000.0,	2 0 2 1 1 0 1 1 5 4 0,	180 81 150 108 91 1 84 139 74 128 103,	stopgain gene3421_yhfK:gene3421_yhfK:exon1:c.G289T:p.G97X, MG1655
MG1655,	3531626,	G->T,	0.0 100.0 200.0 300.0 400.0 500.0 600.0 700.0 800.0 900.0 1000.0,	3 3 0 1 5 0 0 4 1 2 1,	190 89 151 77 89 2 105 168 89 121 114,	nonsynonymous SNV gene3464_yhgE:gene3464_yhgE:exon1:c.C814A:p.Q272K, MG1655
MG1655,	3537073,	G->T,	0.0 100.0 200.0 300.0 400.0 500.0 600.0 700.0 800.0 900.0 1000.0,	0 2 1 1 4 0 0 1 0 1 1,	170 78 177 114 72 0 104 163 74 152 83,	nonsynonymous SNV gene3468_greB:gene3468_greB:exon1:c.G262T:p.G88C, MG1655
MG1655,	3537076,	G->T,	0.0 100.0 200.0 300.0 400.0 500.0 600.0 700.0 800.0 900.0 1000.0,	0 2 0 1 4 0 0 1 0 0 0,	171 73 175 118 78 0 106 164 75 152 85,	nonsynonymous SNV gene3468_greB:gene3468_greB:exon1:c.G265T:p.A89S, MG1655
MG1655,	3546012,	T->G,	0.0 100.0 200.0 300.0 400.0 500.0 600.0 700.0 800.0 900.0 1000.0,	3 1 1 1 0 0 2 4 3 3 6,	204 75 169 108 93 1 97 151 83 134 119,	nonsynonymous SNV gene3476_nfuA:gene3476_nfuA:exon1:c.T389G:p.V130G, MG1655
MG1655,	3546021,	T->A,	0.0 100.0 200.0 300.0 400.0 500.0 600.0 700.0 800.0 900.0 1000.0,	0 1 0 1 1 0 2 0 5 4 2,	206 84 176 130 102 1 95 147 82 139 113,	nonsynonymous SNV gene3476_nfuA:gene3476_nfuA:exon1:c.T398A:p.M133K, MG1655
MG1655,	3553039,	C->A,	0.0 100.0 200.0 300.0 400.0 500.0 600.0 700.0 800.0 900.0 1000.0,	4 1 3 3 1 0 3 9 2 3 5,	241 120 144 134 121 0 120 150 120 148 146,	upstream gene3479_malP,gene3480_malT
MG1655,	3560455,	indel;C+T;C+G;C+A,	0.0 100.0 200.0 300.0 400.0 500.0 600.0 700.0 800.0 900.0 1000.0,	159 61 150 99 57 0 65 113 67 127 89,	159 61 150 99 57 0 65 113 67 127 89,	splicing gene3484_glpR(gene3484_glpR:exon1:c.150+1G>AG,gene3484_glpR:exon2:c.151-2G>AG)
MG1655,	3577455,	G->T,	0.0 100.0 200.0 300.0 400.0 500.0 600.0 700.0 800.0 900.0 1000.0,	2 0 2 1 2 0 0 2 4 2 2,	150 73 161 117 67 0 84 149 72 121 83,	synonymous SNV gene3497_gntK:gene3497_gntK:exon1:c.C138A:p.R46R, MG1655
MG1655,	3603651,	C->A,	0.0 100.0 200.0 300.0 400.0 500.0 600.0 700.0 800.0 900.0 1000.0,	0 0 0 1 4 0 0 0 0 0 2,	81 21 111 75 64 0 47 108 61 89 61,	nonsynonymous SNV gene3525_ftsY:gene3525_ftsY:exon1:c.G593T:p.R198L, MG1655
MG1655,	3603652,	G->A,	0.0 100.0 200.0 300.0 400.0 500.0 600.0 700.0 800.0 900.0 1000.0,	0 0 0 0 2 0 0 0 0 0 3,	79 24 115 74 62 0 46 111 60 93 60,	nonsynonymous SNV gene3525_ftsY:gene3525_ftsY:exon1:c.C592T:p.R198C, MG1655
MG1655,	3608682,	T->C,	0.0 100.0 200.0 300.0 400.0 500.0 600.0 700.0 800.0 900.0 1000.0,	4 3 1 1 4 0 1 2 3 1 1,	172 88 100 76 76 0 80 113 81 128 91,	upstream;downstream gene3532_yhhQ;gene3530_zntA,gene3531_tusA
MG1655,	3608713,	T->G,	0.0 100.0 200.0 300.0 400.0 500.0 600.0 700.0 800.0 900.0 1000.0,	2 0 0 2 0 0 2 1 0 2 5,	162 78 77 68 56 3 74 103 79 112 88,	upstream;downstream gene3532_yhhQ;gene3530_zntA,gene3531_tusA
MG1655,	3609124,	G->A,	0.0 100.0 200.0 300.0 400.0 500.0 600.0 700.0 800.0 900.0 1000.0,	3 6 7 3 2 0 2 2 3 5 3,	324 137 137 144 93 0 149 196 143 183 159,	upstream;downstream gene3531_tusA,gene3532_yhhQ,gene3533_dcrB;gene3530_zntA
MG1655,	3668177,	G->T,	0.0 100.0 200.0 300.0 400.0 500.0 600.0 700.0 800.0 900.0 1000.0,	2 0 3 3 0 0 3 9 0 5 4,	198 65 152 123 60 0 83 168 78 138 118,	nonsynonymous SNV gene3584_yhjA:gene3584_yhjA:exon1:c.C1012A:p.Q338K, MG1655
MG1655,	3781120,	T->C,	0.0 100.0 200.0 300.0 400.0 500.0 600.0 700.0 800.0 900.0 1000.0,	8 3 7 4 2 0 6 3 3 9 4,	189 106 118 81 82 1 108 120 106 126 98,	upstream;downstream gene3685_trmL;gene3684_lldD,gene3686_cysE
MG1655,	3781124,	T->C,	0.0 100.0 200.0 300.0 400.0 500.0 600.0 700.0 800.0 900.0 1000.0,	2 0 3 2 0 0 2 7 1 5 0,	183 104 115 84 78 1 110 128 102 134 93,	upstream;downstream gene3685_trmL;gene3684_lldD,gene3686_cysE
MG1655,	3781126,	G->C,	0.0 100.0 200.0 300.0 400.0 500.0 600.0 700.0 800.0 900.0 1000.0,	9 1 11 2 5 0 1 5 3 5 1,	189 106 121 87 85 1 108 126 105 127 94,	upstream;downstream gene3685_trmL;gene3684_lldD,gene3686_cysE
MG1655,	3781133,	C->G,	0.0 100.0 200.0 300.0 400.0 500.0 600.0 700.0 800.0 900.0 1000.0,	9 7 7 8 4 0 3 6 3 9 4,	209 119 136 114 90 1 115 148 114 147 105,	upstream;downstream gene3685_trmL;gene3684_lldD,gene3686_cysE
MG1655,	3781138,	A->G,	0.0 100.0 200.0 300.0 400.0 500.0 600.0 700.0 800.0 900.0 1000.0,	4 0 4 2 6 0 1 6 0 1 3,	175 103 120 94 79 1 93 134 95 124 86,	upstream;downstream gene3685_trmL;gene3684_lldD,gene3686_cysE
MG1655,	3781140,	A->G,	0.0 100.0 200.0 300.0 400.0 500.0 600.0 700.0 800.0 900.0 1000.0,	13 4 11 3 5 0 11 13 5 10 9,	179 105 113 92 71 1 95 120 89 124 88,	upstream;downstream gene3685_trmL;gene3684_lldD,gene3686_cysE
MG1655,	3781145,	C->G,	0.0 100.0 200.0 300.0 400.0 500.0 600.0 700.0 800.0 900.0 1000.0,	12 6 5 4 4 0 5 9 5 14 9,	188 105 117 100 77 1 95 133 94 125 94,	upstream;downstream gene3685_trmL;gene3684_lldD,gene3686_cysE
MG1655,	3781150,	T->G,	0.0 100.0 200.0 300.0 400.0 500.0 600.0 700.0 800.0 900.0 1000.0,	7 5 4 2 7 0 7 5 3 6 6,	154 86 93 89 68 1 79 105 66 96 70,	upstream;downstream gene3685_trmL;gene3684_lldD,gene3686_cysE
MG1655,	3781152,	A->G,	0.0 100.0 200.0 300.0 400.0 500.0 600.0 700.0 800.0 900.0 1000.0,	14 10 10 7 12 0 13 17 8 18 12,	162 93 98 97 73 0 89 116 81 110 79,	upstream;downstream gene3685_trmL;gene3684_lldD,gene3686_cysE
MG1655,	3781156,	G->A,	0.0 100.0 200.0 300.0 400.0 500.0 600.0 700.0 800.0 900.0 1000.0,	3 0 0 2 2 0 1 3 1 7 4,	174 94 94 103 68 1 90 122 82 99 74,	upstream;downstream gene3685_trmL;gene3684_lldD,gene3686_cysE
MG1655,	3797046,	G->T,	0.0 100.0 200.0 300.0 400.0 500.0 600.0 700.0 800.0 900.0 1000.0,	4 1 0 0 1 0 1 1 1 2 0,	78 22 50 19 69 0 101 59 78 50 100,	nonsynonymous SNV gene3701_waaL:gene3701_waaL:exon1:c.G99T:p.M33I, MG1655
MG1655,	3797329,	C->A,	0.0 100.0 200.0 300.0 400.0 500.0 600.0 700.0 800.0 900.0 1000.0,	6 1 6 1 5 0 3 2 4 0 6,	253 134 114 68 117 2 175 133 163 113 195,	nonsynonymous SNV gene3701_waaL:gene3701_waaL:exon1:c.C382A:p.L128I, MG1655
MG1655,	3797330,	T->A,	0.0 100.0 200.0 300.0 400.0 500.0 600.0 700.0 800.0 900.0 1000.0,	2 0 2 1 7 0 2 2 1 0 5,	257 141 123 74 138 2 187 141 173 124 209,	nonsynonymous SNV gene3701_waaL:gene3701_waaL:exon1:c.T383A:p.L128Q, MG1655
MG1655,	3797336,	C->A,	0.0 100.0 200.0 300.0 400.0 500.0 600.0 700.0 800.0 900.0 1000.0,	8 1 4 1 8 0 7 4 5 3 10,	256 127 121 72 128 1 181 137 171 118 197,	stopgain gene3701_waaL:gene3701_waaL:exon1:c.C389A:p.S130X, MG1655
MG1655,	3836934,	C->T,	0.0 100.0 200.0 300.0 400.0 500.0 600.0 700.0 800.0 900.0 1000.0,	5 2 1 3 3 0 5 1 8 5 1,	237 109 142 139 80 0 122 192 130 165 166,	upstream;downstream gene3739_setC;gene3737_selC,gene3738_yicT
MG1655,	3836935,	G->T,	0.0 100.0 200.0 300.0 400.0 500.0 600.0 700.0 800.0 900.0 1000.0,	5 3 0 2 3 0 5 2 7 7 1,	236 105 139 138 77 0 117 200 119 163 161,	upstream;downstream gene3739_setC;gene3737_selC,gene3738_yicT
MG1655,	3863881,	C->A,	0.0 100.0 200.0 300.0 400.0 500.0 600.0 700.0 800.0 900.0 1000.0,	1 1 2 1 1 0 5 7 6 5 7,	203 72 131 113 86 0 91 175 131 140 120,	upstream;downstream gene3765_glvC,gene3766_yidP;gene3767_yidE
MG1655,	3884758,	C->A,	0.0 100.0 200.0 300.0 400.0 500.0 600.0 700.0 800.0 900.0 1000.0,	1 1 0 0 2 0 4 2 0 2 1,	96 52 87 92 50 0 57 102 46 108 56,	nonsynonymous SNV gene3786_rnpA:gene3786_rnpA:exon1:c.C266A:p.A89E, MG1655
MG1655,	3905630,	indel;C+A;C-1,	0.0 100.0 200.0 300.0 400.0 500.0 600.0 700.0 800.0 900.0 1000.0,	5 6 1 2 3 0 2 9 3 7 2,	223 88 121 150 90 0 127 192 94 192 131,	upstream;downstream gene3805_bglF;gene3806_bglG
MG1655,	3917396,	A->T,	0.0 100.0 200.0 300.0 400.0 500.0 600.0 700.0 800.0 900.0 1000.0,	8 1 3 3 0 0 10 4 6 7 3,	172 67 96 107 52 1 106 105 82 105 98,	upstream;downstream gene3815_atpD;gene3816_atpG,gene3817_atpA
MG1655,	3917406,	A->G,	0.0 100.0 200.0 300.0 400.0 500.0 600.0 700.0 800.0 900.0 1000.0,	5 1 2 1 1 0 6 2 2 2 2,	168 63 90 101 55 1 102 96 76 94 87,	nonsynonymous SNV gene3816_atpG:gene3816_atpG:exon1:c.T860C:p.V287A, MG1655
MG1655,	3921893,	A->T,	0.0 100.0 200.0 300.0 400.0 500.0 600.0 700.0 800.0 900.0 1000.0,	6 0 2 1 2 0 8 1 2 3 0,	178 90 138 98 84 0 92 141 95 138 92,	synonymous SNV gene3821_atpB:gene3821_atpB:exon1:c.T159A:p.G53G, MG1655
MG1655,	3935064,	C->A,	0.0 100.0 200.0 300.0 400.0 500.0 600.0 700.0 800.0 900.0 1000.0,	2 4 0 1 1 0 1 2 3 3 7,	187 114 169 138 86 0 93 154 105 146 136,	synonymous SNV gene3832_rbsA:gene3832_rbsA:exon1:c.C1287A:p.G429G, MG1655
MG1655,	3973223,	C->T,	0.0 100.0 200.0 300.0 400.0 500.0 600.0 700.0 800.0 900.0 1000.0,	3 1 1 1 0 0 0 0 4 3 1,	254 102 133 119 89 0 120 180 67 134 128,	synonymous SNV gene3868_rffG:gene3868_rffG:exon1:c.C702T:p.R234R, MG1655
MG1655,	3973225,	C->T,	0.0 100.0 200.0 300.0 400.0 500.0 600.0 700.0 800.0 900.0 1000.0,	6 1 1 1 2 0 1 3 4 4 3,	253 94 130 121 91 0 125 182 64 138 126,	nonsynonymous SNV gene3868_rffG:gene3868_rffG:exon1:c.C704T:p.A235V, MG1655
MG1655,	3973233,	T->G,	0.0 100.0 200.0 300.0 400.0 500.0 600.0 700.0 800.0 900.0 1000.0,	3 2 1 0 1 0 2 1 4 4 3,	256 95 152 131 92 0 126 196 75 148 135,	nonsynonymous SNV gene3868_rffG:gene3868_rffG:exon1:c.T712G:p.C238G, MG1655
MG1655,	3973235,	C->T,	0.0 100.0 200.0 300.0 400.0 500.0 600.0 700.0 800.0 900.0 1000.0,	1 0 0 1 1 0 0 2 4 0 2,	246 90 143 137 95 0 123 193 76 147 135,	synonymous SNV gene3868_rffG:gene3868_rffG:exon1:c.C714T:p.C238C, MG1655
MG1655,	3973237,	T->C,	0.0 100.0 200.0 300.0 400.0 500.0 600.0 700.0 800.0 900.0 1000.0,	3 0 1 0 2 0 2 3 5 6 2,	263 101 157 140 91 0 120 206 73 154 134,	nonsynonymous SNV gene3868_rffG:gene3868_rffG:exon1:c.T716C:p.V239A, MG1655
MG1655,	4075544,	G->A,	0.0 100.0 200.0 300.0 400.0 500.0 600.0 700.0 800.0 900.0 1000.0,	7 0 2 2 5 0 2 0 1 0 2,	197 96 146 120 87 0 113 166 132 146 130,	upstream;downstream gene3967_yihX,gene3968_yihY;gene3965_yihV,gene3966_yihW
MG1655,	4075548,	C->A,	0.0 100.0 200.0 300.0 400.0 500.0 600.0 700.0 800.0 900.0 1000.0,	10 0 3 5 2 0 2 2 3 3 4,	198 90 144 122 83 1 116 167 133 149 128,	upstream;downstream gene3967_yihX,gene3968_yihY;gene3965_yihV,gene3966_yihW
MG1655,	4087219,	T->A,	0.0 100.0 200.0 300.0 400.0 500.0 600.0 700.0 800.0 900.0 1000.0,	2 0 2 0 2 0 1 6 3 3 6,	177 103 108 118 101 1 109 137 89 163 120,	nonsynonymous SNV gene3978_yiiG:gene3978_yiiG:exon1:c.T218A:p.V73D, MG1655
MG1655,	4087220,	T->A,	0.0 100.0 200.0 300.0 400.0 500.0 600.0 700.0 800.0 900.0 1000.0,	3 1 2 2 2 0 1 3 1 5 6,	183 104 116 125 102 1 113 135 85 164 115,	synonymous SNV gene3978_yiiG:gene3978_yiiG:exon1:c.T219A:p.V73V, MG1655
MG1655,	4087221,	T->A,	0.0 100.0 200.0 300.0 400.0 500.0 600.0 700.0 800.0 900.0 1000.0,	3 0 1 2 3 0 2 6 3 8 7,	179 106 113 120 98 1 115 140 87 173 116,	nonsynonymous SNV gene3978_yiiG:gene3978_yiiG:exon1:c.T220A:p.F74I, MG1655
MG1655,	4087222,	T->A,	0.0 100.0 200.0 300.0 400.0 500.0 600.0 700.0 800.0 900.0 1000.0,	5 2 2 3 3 0 3 7 4 8 7,	182 106 113 122 101 1 119 141 91 170 121,	nonsynonymous SNV gene3978_yiiG:gene3978_yiiG:exon1:c.T221A:p.F74Y, MG1655
MG1655,	4087223,	C->A,	0.0 100.0 200.0 300.0 400.0 500.0 600.0 700.0 800.0 900.0 1000.0,	6 2 5 3 6 0 4 8 5 7 11,	180 103 121 118 102 1 113 142 90 166 118,	nonsynonymous SNV gene3978_yiiG:gene3978_yiiG:exon1:c.C222A:p.F74L, MG1655
MG1655,	4087224,	G->A,	0.0 100.0 200.0 300.0 400.0 500.0 600.0 700.0 800.0 900.0 1000.0,	3 2 2 2 5 0 3 8 6 6 7,	176 111 123 122 109 1 116 147 97 172 123,	nonsynonymous SNV gene3978_yiiG:gene3978_yiiG:exon1:c.G223A:p.D75N, MG1655
MG1655,	4087226,	C->A,	0.0 100.0 200.0 300.0 400.0 500.0 600.0 700.0 800.0 900.0 1000.0,	5 1 3 2 5 0 4 9 6 7 13,	175 106 120 123 107 1 119 149 92 172 130,	nonsynonymous SNV gene3978_yiiG:gene3978_yiiG:exon1:c.C225A:p.D75E, MG1655
MG1655,	4087227,	G->A,	0.0 100.0 200.0 300.0 400.0 500.0 600.0 700.0 800.0 900.0 1000.0,	6 2 2 4 5 0 3 7 6 8 12,	179 112 121 123 104 1 117 147 99 173 130,	nonsynonymous SNV gene3978_yiiG:gene3978_yiiG:exon1:c.G226A:p.E76K, MG1655
MG1655,	4109583,	G->A,	0.0 100.0 200.0 300.0 400.0 500.0 600.0 700.0 800.0 900.0 1000.0,	5 2 4 0 3 0 2 3 1 0 2,	148 60 118 102 56 3 79 170 62 131 83,	synonymous SNV gene3998_sbp:gene3998_sbp:exon1:c.G750A:p.E250E, MG1655
MG1655,	4121117,	G->T,	0.0 100.0 200.0 300.0 400.0 500.0 600.0 700.0 800.0 900.0 1000.0,	0 0 1 0 2 0 0 2 1 1 4,	114 67 141 121 71 0 65 139 64 109 79,	nonsynonymous SNV gene4012_hslU:gene4012_hslU:exon1:c.C631A:p.Q211K, MG1655
MG1655,	4123457,	G->A,	0.0 100.0 200.0 300.0 400.0 500.0 600.0 700.0 800.0 900.0 1000.0,	0 0 0 0 0 0 0 6 58 64 39,	232 108 149 127 92 0 122 175 119 169 131,	nonsynonymous SNV gene4015_cytR:gene4015_cytR:exon1:c.C1000T:p.R334W, MG1655
MG1655,	4154459,	G->T,	0.0 100.0 200.0 300.0 400.0 500.0 600.0 700.0 800.0 900.0 1000.0,	4 1 0 1 0 0 0 2 4 0 1,	113 47 139 98 61 0 87 120 65 136 75,	nonsynonymous SNV gene4037_argE:gene4037_argE:exon1:c.C389A:p.T130K, MG1655
MG1655,	4158276,	G->A,	0.0 100.0 200.0 300.0 400.0 500.0 600.0 700.0 800.0 900.0 1000.0,	4 4 1 2 0 0 0 2 0 0 0,	203 67 130 121 62 1 95 148 90 139 105,	upstream;downstream gene4042_oxyR;gene4040_argH,gene4041_oxyS
MG1655,	4236048,	C->A,	0.0 100.0 200.0 300.0 400.0 500.0 600.0 700.0 800.0 900.0 1000.0,	1 0 0 3 1 0 0 0 0 1 3,	108 38 95 80 61 0 53 93 40 91 58,	nonsynonymous SNV gene4110_yjbG:gene4110_yjbG:exon1:c.C337A:p.Q113K, MG1655
MG1655,	4245064,	G->T,	0.0 100.0 200.0 300.0 400.0 500.0 600.0 700.0 800.0 900.0 1000.0,	2 4 2 0 0 0 0 0 0 0 1,	181 73 159 122 80 0 87 158 69 142 95,	synonymous SNV gene4117_malE:gene4117_malE:exon1:c.C171A:p.T57T, MG1655
MG1655,	4245067,	A->C,	0.0 100.0 200.0 300.0 400.0 500.0 600.0 700.0 800.0 900.0 1000.0,	2 4 2 0 0 0 0 0 0 0 1,	179 73 162 126 76 0 92 159 70 143 101,	nonsynonymous SNV gene4117_malE:gene4117_malE:exon1:c.T168G:p.D56E, MG1655
MG1655,	4256400,	C->A,	0.0 100.0 200.0 300.0 400.0 500.0 600.0 700.0 800.0 900.0 1000.0,	2 6 0 0 1 0 0 3 1 0 0,	195 88 154 123 95 0 96 167 90 142 128,	synonymous SNV gene4126_lexA:gene4126_lexA:exon1:c.C471A:p.R157R, MG1655
MG1655,	4277107,	C->T,	0.0 100.0 200.0 300.0 400.0 500.0 600.0 700.0 800.0 900.0 1000.0,	3 2 0 0 0 0 0 0 0 0 0,	101 37 104 76 46 0 47 95 49 99 63,	upstream;downstream gene4146_soxS,gene4148_ryjA,gene4149_ghxP;gene4147_soxR
MG1655,	4291091,	C->T,	0.0 100.0 200.0 300.0 400.0 500.0 600.0 700.0 800.0 900.0 1000.0,	0 3 1 0 0 0 0 2 0 2 0,	209 58 140 120 91 0 80 147 74 156 112,	synonymous SNV gene4159_nrfE:gene4159_nrfE:exon1:c.C765T:p.C255C, MG1655
MG1655,	4294875,	C->T,	0.0 100.0 200.0 300.0 400.0 500.0 600.0 700.0 800.0 900.0 1000.0,	106 59 77 76 49 1 51 84 45 69 53,	339 152 263 225 181 1 155 226 161 245 205,	downstream gene4162_gltP,gene4163_yjcO
MG1655,	4295195,	indel;A+AG;A+CT;A+CG;A+CC;A+TG,	0.0 100.0 200.0 300.0 400.0 500.0 600.0 700.0 800.0 900.0 1000.0,	87 25 51 49 27 0 37 66 36 57 54,	87 26 52 49 27 0 37 66 36 57 54,	downstream gene4162_gltP,gene4163_yjcO,gene4164_fdhF
MG1655,	4302978,	G->A,	0.0 100.0 200.0 300.0 400.0 500.0 600.0 700.0 800.0 900.0 1000.0,	3 5 1 0 3 0 3 1 2 2 2,	236 89 143 137 102 1 112 196 114 157 139,	nonsynonymous SNV gene4168_ytcA:gene4168_ytcA:exon1:c.C241T:p.L81F, MG1655
MG1655,	4302980,	G->A,	0.0 100.0 200.0 300.0 400.0 500.0 600.0 700.0 800.0 900.0 1000.0,	3 4 1 0 2 0 2 3 2 2 2,	215 76 120 125 91 1 110 182 103 139 126,	nonsynonymous SNV gene4168_ytcA:gene4168_ytcA:exon1:c.C239T:p.A80V, MG1655
MG1655,	4388225,	G->T,	0.0 100.0 200.0 300.0 400.0 500.0 600.0 700.0 800.0 900.0 1000.0,	5 1 1 3 2 0 0 2 0 1 5,	145 75 111 88 69 0 68 129 83 122 85,	nonsynonymous SNV gene4250_psd:gene4250_psd:exon1:c.C951A:p.D317E, MG1655
MG1655,	414827,	A->C,	0.0 100.0 200.0 300.0 400.0 500.0 600.0 700.0 800.0 900.0 1000.0,	2 0 6 2 5 0 0 2 3 1 1,	153 69 131 120 77 0 92 136 82 131 82,	nonsynonymous SNV gene402_sbcC:gene402_sbcC:exon1:c.T927G:p.I309M, MG1655
MG1655,	414832,	G->T,	0.0 100.0 200.0 300.0 400.0 500.0 600.0 700.0 800.0 900.0 1000.0,	1 0 6 2 5 0 0 2 4 1 1,	145 63 121 116 75 0 85 136 78 126 81,	nonsynonymous SNV gene402_sbcC:gene402_sbcC:exon1:c.C922A:p.H308N, MG1655
MG1655,	449456,	T->C,	0.0 100.0 200.0 300.0 400.0 500.0 600.0 700.0 800.0 900.0 1000.0,	3 1 5 2 4 0 3 1 2 8 1,	232 130 119 129 82 1 91 130 94 128 117,	nonsynonymous SNV gene436_cyoB:gene436_cyoB:exon1:c.A1186G:p.M396V, MG1655
MG1655,	469563,	indel;C+A;C-1,	0.0 100.0 200.0 300.0 400.0 500.0 600.0 700.0 800.0 900.0 1000.0,	2 0 2 1 0 0 3 2 5 0 1,	203 84 149 150 82 0 88 139 84 142 86,	frameshift deletion gene453_mdlA:gene453_mdlA:exon1:c.693delC:p.G231fs, MG1655
MG1655,	507097,	C->A,	0.0 100.0 200.0 300.0 400.0 500.0 600.0 700.0 800.0 900.0 1000.0,	2 0 1 1 0 0 3 1 0 2 2,	128 62 120 94 62 0 57 128 59 112 91,	upstream;downstream gene486_ybaK,gene487_chiX;gene485_ushA,gene488_ybaP
MG1655,	507139,	indel;C+A;C-1,	0.0 100.0 200.0 300.0 400.0 500.0 600.0 700.0 800.0 900.0 1000.0,	3 1 1 3 1 0 0 0 0 1 6,	144 73 140 103 64 0 69 137 60 141 105,	upstream;downstream gene486_ybaK,gene487_chiX;gene485_ushA,gene488_ybaP
MG1655,	523206,	indel;A-1;A+TT;A+T,	0.0 100.0 200.0 300.0 400.0 500.0 600.0 700.0 800.0 900.0 1000.0,	8 5 2 3 4 1 7 8 6 5 6,	178 75 90 77 90 1 139 168 131 145 162,	upstream;downstream gene503_rhsD;gene502_ybbP
MG1655,	622541,	G->A,	0.0 100.0 200.0 300.0 400.0 500.0 600.0 700.0 800.0 900.0 1000.0,	2 0 0 0 0 0 5 0 0 0 0,	142 84 115 113 74 0 88 127 74 120 100,	nonsynonymous SNV gene606_entS:gene606_entS:exon1:c.G242A:p.R81H, MG1655
MG1655,	638897,	C->A,	0.0 100.0 200.0 300.0 400.0 500.0 600.0 700.0 800.0 900.0 1000.0,	1 3 6 5 6 0 2 2 3 5 5,	235 96 137 123 103 0 125 167 128 144 131,	upstream gene620_dsbG,gene621_ahpC,gene622_ahpF
MG1655,	657541,	indel;G-1;G+T,	0.0 100.0 200.0 300.0 400.0 500.0 600.0 700.0 800.0 900.0 1000.0,	2 0 1 2 0 0 4 1 2 1 0,	138 44 127 110 59 0 73 138 84 115 103,	upstream;downstream gene640_ybeM;gene637_pagP,gene638_cspE,gene639_flc
MG1655,	697146,	G->T,	0.0 100.0 200.0 300.0 400.0 500.0 600.0 700.0 800.0 900.0 1000.0,	1 1 2 1 3 0 3 3 3 8 2,	182 66 119 90 104 3 115 140 89 128 125,	upstream;downstream gene677_glnX,gene678_glnV,gene679_metU,gene680_glnW,gene681_glnU,gene682_leuW,gene683_metT;gene676_ubiF,gene684_asnB
MG1655,	697148,	G->T,	0.0 100.0 200.0 300.0 400.0 500.0 600.0 700.0 800.0 900.0 1000.0,	1 0 1 0 1 0 2 4 1 9 3,	184 69 118 90 100 3 115 139 93 129 132,	upstream;downstream gene677_glnX,gene678_glnV,gene679_metU,gene680_glnW,gene681_glnU,gene682_leuW,gene683_metT;gene676_ubiF,gene684_asnB
MG1655,	705963,	indel;C+T;C+A;C-1,	0.0 100.0 200.0 300.0 400.0 500.0 600.0 700.0 800.0 900.0 1000.0,	4 0 3 1 1 0 2 7 9 6 1,	180 49 105 105 71 0 98 134 102 153 123,	upstream;downstream gene690_glnS;gene689_nagE
MG1655,	781269,	C->T,	0.0 100.0 200.0 300.0 400.0 500.0 600.0 700.0 800.0 900.0 1000.0,	1 1 0 0 2 0 2 1 5 3 0,	211 115 141 149 111 0 117 175 87 188 127,	upstream;downstream gene761_lysZ,gene762_lysQ,gene763_nadA;gene755_ybgF,gene756_lysT,gene757_valT,gene758_lysW,gene759_valZ,gene760_lysY
MG1655,	4407885,	C->A,	0.0 100.0 200.0 300.0 400.0 500.0 600.0 700.0 800.0 900.0 1000.0,	3 1 2 3 0 0 2 2 0 6 0,	147 50 111 103 62 1 72 117 80 115 67,	nonsynonymous SNV gene4270_rnr:gene4270_rnr:exon1:c.C2417A:p.A806E, MG1655
MG1655,	4407888,	C->A,	0.0 100.0 200.0 300.0 400.0 500.0 600.0 700.0 800.0 900.0 1000.0,	5 1 2 4 1 0 1 4 1 8 4,	147 52 109 102 63 0 74 121 81 115 71,	nonsynonymous SNV gene4270_rnr:gene4270_rnr:exon1:c.C2420A:p.A807E, MG1655
MG1655,	4407892,	G->A,	0.0 100.0 200.0 300.0 400.0 500.0 600.0 700.0 800.0 900.0 1000.0,	4 1 1 3 0 0 3 3 1 7 0,	159 59 116 105 65 1 78 124 87 117 76,	synonymous SNV gene4270_rnr:gene4270_rnr:exon1:c.G2424A:p.K808K, MG1655
MG1655,	4471233,	indel;C+A;C-1,	0.0 100.0 200.0 300.0 400.0 500.0 600.0 700.0 800.0 900.0 1000.0,	0 2 2 2 4 0 1 0 2 1 1,	160 81 144 135 68 0 89 178 124 145 118,	frameshift deletion gene4336_pyrL:gene4336_pyrL:exon1:c.116delG:p.C39fs, MG1655
MG1655,	4478796,	C->T,	0.0 100.0 200.0 300.0 400.0 500.0 600.0 700.0 800.0 900.0 1000.0,	1 0 2 0 4 0 5 2 1 2 2,	207 72 151 96 97 0 100 184 111 163 171,	synonymous SNV gene4345_yjgN:gene4345_yjgN:exon1:c.C252T:p.F84F, MG1655
MG1655,	4542190,	T->G,	0.0 100.0 200.0 300.0 400.0 500.0 600.0 700.0 800.0 900.0 1000.0,	0 0 0 0 0 0 27 71 36 73 71,	234 111 188 134 85 2 125 143 91 145 106,	nonsynonymous SNV gene4407_fimA:gene4407_fimA:exon1:c.T261G:p.N87K, MG1655
MG1655,	4542292,	C->A,	0.0 100.0 200.0 300.0 400.0 500.0 600.0 700.0 800.0 900.0 1000.0,	0 0 0 0 2 0 20 29 9 2 2,	254 118 177 174 110 0 137 152 114 205 126,	nonsynonymous SNV gene4407_fimA:gene4407_fimA:exon1:c.C363A:p.N121K, MG1655
MG1655,	4543393,	C->A,	0.0 100.0 200.0 300.0 400.0 500.0 600.0 700.0 800.0 900.0 1000.0,	2 1 0 2 1 0 5 0 1 0 4,	221 106 181 119 93 1 95 193 110 192 148,	nonsynonymous SNV gene4409_fimC:gene4409_fimC:exon1:c.C275A:p.A92E, MG1655
MG1655,	4543851,	G->T,	0.0 100.0 200.0 300.0 400.0 500.0 600.0 700.0 800.0 900.0 1000.0,	0 0 0 11 72 0 77 145 97 148 114,	255 115 183 142 87 0 118 180 104 148 116,	upstream;downstream gene4410_fimD;gene4408_fimI,gene4409_fimC
MG1655,	4555585,	G->T,	0.0 100.0 200.0 300.0 400.0 500.0 600.0 700.0 800.0 900.0 1000.0,	12 2 6 3 4 0 5 6 3 10 5,	185 66 113 96 62 1 114 121 99 131 122,	upstream;downstream gene4418_yjiC,gene4419_iraD;gene4420_hypT
MG1655,	4555586,	A->T,	0.0 100.0 200.0 300.0 400.0 500.0 600.0 700.0 800.0 900.0 1000.0,	10 2 3 1 1 0 4 3 1 6 3,	181 74 105 100 64 1 113 117 101 123 127,	upstream;downstream gene4418_yjiC,gene4419_iraD;gene4420_hypT
MG1655,	4559517,	G->T,	0.0 100.0 200.0 300.0 400.0 500.0 600.0 700.0 800.0 900.0 1000.0,	1 1 2 2 4 0 2 3 2 4 0,	189 78 174 130 73 2 87 149 88 172 116,	upstream;downstream gene4422_yjiG,gene4423_yjiH,gene4424_kptA;gene4425_yjiJ
MG1655,	4575974,	C->A,	0.0 100.0 200.0 300.0 400.0 500.0 600.0 700.0 800.0 900.0 1000.0,	2 2 1 0 5 0 1 0 3 2 1,	216 67 158 152 81 1 116 148 105 140 132,	nonsynonymous SNV gene4436_mcrC:gene4436_mcrC:exon1:c.G800T:p.R267L, MG1655
MG1655,	4605137,	indel;A-1;A+G,	0.0 100.0 200.0 300.0 400.0 500.0 600.0 700.0 800.0 900.0 1000.0,	2 0 0 1 5 0 1 2 3 3 0,	182 67 168 120 75 0 100 161 90 131 87,	ncRNA_exonic gene4463_leuQ
MG1655,	833295,	C->A,	0.0 100.0 200.0 300.0 400.0 500.0 600.0 700.0 800.0 900.0 1000.0,	5 1 2 1 4 0 2 2 0 1 4,	157 68 156 105 58 0 73 119 56 114 101,	nonsynonymous SNV gene812_dinG:gene812_dinG:exon1:c.C226A:p.Q76K, MG1655
MG1655,	833694,	G->T,	0.0 100.0 200.0 300.0 400.0 500.0 600.0 700.0 800.0 900.0 1000.0,	4 2 3 3 1 0 5 4 1 6 1,	194 75 157 128 86 0 93 156 98 150 118,	nonsynonymous SNV gene812_dinG:gene812_dinG:exon1:c.G625T:p.V209F, MG1655
MG1655,	834662,	C->A,	0.0 100.0 200.0 300.0 400.0 500.0 600.0 700.0 800.0 900.0 1000.0,	2 1 5 1 1 0 2 3 0 3 4,	171 86 152 121 57 1 65 130 74 132 79,	nonsynonymous SNV gene812_dinG:gene812_dinG:exon1:c.C1593A:p.S531R, MG1655
MG1655,	845351,	G->T,	0.0 100.0 200.0 300.0 400.0 500.0 600.0 700.0 800.0 900.0 1000.0,	4 1 3 5 1 0 5 0 1 4 1,	162 86 139 122 93 1 95 144 92 131 104,	nonsynonymous SNV gene821_ybiO:gene821_ybiO:exon1:c.C130A:p.Q44K, MG1655
MG1655,	848025,	C->T,	0.0 100.0 200.0 300.0 400.0 500.0 600.0 700.0 800.0 900.0 1000.0,	0 0 2 0 1 0 2 2 1 3 4,	175 63 109 97 53 3 115 139 64 130 79,	upstream;downstream gene823_glnP,gene824_glnH;gene825_dps
MG1655,	873310,	C->T,	0.0 100.0 200.0 300.0 400.0 500.0 600.0 700.0 800.0 900.0 1000.0,	2 3 2 0 4 0 1 3 4 2 2,	151 63 123 104 75 0 99 149 75 157 107,	nonsynonymous SNV gene846_yliE:gene846_yliE:exon1:c.C332T:p.S111L, MG1655
MG1655,	873311,	G->T,	0.0 100.0 200.0 300.0 400.0 500.0 600.0 700.0 800.0 900.0 1000.0,	1 4 1 0 3 0 1 3 3 2 3,	144 61 119 104 77 0 103 152 74 156 107,	synonymous SNV gene846_yliE:gene846_yliE:exon1:c.G333T:p.S111S, MG1655
MG1655,	873313,	G->T,	0.0 100.0 200.0 300.0 400.0 500.0 600.0 700.0 800.0 900.0 1000.0,	1 1 1 0 4 0 1 2 3 2 4,	144 58 120 105 73 0 102 149 70 154 103,	nonsynonymous SNV gene846_yliE:gene846_yliE:exon1:c.G335T:p.R112L, MG1655
MG1655,	880704,	G->T,	0.0 100.0 200.0 300.0 400.0 500.0 600.0 700.0 800.0 900.0 1000.0,	2 1 2 3 0 0 3 5 1 4 6,	177 54 109 97 67 2 104 166 74 137 95,	upstream;downstream gene851_gstB,gene852_dacC;gene850_yliI
MG1655,	893868,	C->A,	0.0 100.0 200.0 300.0 400.0 500.0 600.0 700.0 800.0 900.0 1000.0,	3 0 0 2 0 0 2 7 1 4 8,	208 82 133 131 81 2 131 167 105 160 131,	nonsynonymous SNV gene868_potF:gene868_potF:exon1:c.C85A:p.Q29K, MG1655
MG1655,	897061,	C->A,	0.0 100.0 200.0 300.0 400.0 500.0 600.0 700.0 800.0 900.0 1000.0,	1 1 0 3 1 0 0 3 1 1 4,	188 94 158 114 64 0 99 143 96 135 80,	nonsynonymous SNV gene870_potH:gene870_potH:exon1:c.C928A:p.Q310K, MG1655
MG1655,	928238,	G->T,	0.0 100.0 200.0 300.0 400.0 500.0 600.0 700.0 800.0 900.0 1000.0,	2 0 0 1 1 0 2 0 0 1 6,	217 98 187 125 76 0 91 137 74 140 110,	nonsynonymous SNV gene900_cydC:gene900_cydC:exon1:c.C958A:p.Q320K, MG1655
MG1655,	947068,	G->T,	0.0 100.0 200.0 300.0 400.0 500.0 600.0 700.0 800.0 900.0 1000.0,	3 1 3 1 2 0 2 4 2 6 3,	187 41 98 84 72 0 77 109 77 115 85,	upstream;downstream gene913_ycaM;gene912_ycaD
MG1655,	950796,	G->T,	0.0 100.0 200.0 300.0 400.0 500.0 600.0 700.0 800.0 900.0 1000.0,	5 2 1 0 2 0 5 4 0 5 2,	195 64 141 126 83 0 95 138 99 138 89,	stopgain gene916_pflA:gene916_pflA:exon1:c.C285A:p.C95X, MG1655
MG1655,	987162,	C->A,	0.0 100.0 200.0 300.0 400.0 500.0 600.0 700.0 800.0 900.0 1000.0,	1 1 3 4 4 0 4 0 2 5 5,	171 63 138 104 75 1 78 128 90 146 126,	upstream;downstream gene943_ompF;gene944_asnS
MG1655,	1001015,	G->A,	0.0 100.0 200.0 300.0 400.0 500.0 600.0 700.0 800.0 900.0 1000.0,	4 0 0 0 6 0 2 0 0 0 0,	278 147 158 140 104 0 141 169 117 166 155,	synonymous SNV gene954_elfC:gene954_elfC:exon1:c.G1800A:p.R600R, MG1655
MG1655,	1020377,	C->A,	0.0 100.0 200.0 300.0 400.0 500.0 600.0 700.0 800.0 900.0 1000.0,	1 0 3 1 1 0 4 2 3 2 1,	151 50 109 115 59 3 70 125 70 122 77,	upstream;downstream gene971_ompA,gene973_sxy;gene972_sulA
MG1655,	1029731,	indel;G+A;G-1,	0.0 100.0 200.0 300.0 400.0 500.0 600.0 700.0 800.0 900.0 1000.0,	2 3 2 1 0 0 0 0 0 0 0,	98 52 99 97 47 0 54 109 60 73 69,	frameshift deletion gene981_rlmI:gene981_rlmI:exon1:c.239delC:p.S80fs, MG1655
MG1655,	1121220,	C->A,	0.0 100.0 200.0 300.0 400.0 500.0 600.0 700.0 800.0 900.0 1000.0,	3 0 3 2 2 0 4 2 1 0 1,	130 50 143 120 54 0 75 138 59 147 113,	upstream;downstream gene1072_solA,gene1073_bssS;gene1074_dinI,gene1075_pyrC
MG1655,	1148397,	G->A,	0.0 100.0 200.0 300.0 400.0 500.0 600.0 700.0 800.0 900.0 1000.0,	3 1 3 0 3 0 3 0 1 1 7,	252 116 185 133 81 0 130 163 98 178 134,	synonymous SNV gene1104_plsX:gene1104_plsX:exon1:c.G777A:p.G259G, MG1655
MG1655,	1148818,	C->A,	0.0 100.0 200.0 300.0 400.0 500.0 600.0 700.0 800.0 900.0 1000.0,	1 0 1 0 6 0 1 3 1 3 2,	249 94 160 115 105 2 113 161 100 174 121,	synonymous SNV gene1105_fabH:gene1105_fabH:exon1:c.C60A:p.A20A, MG1655
MG1655,	1158058,	G->T,	0.0 100.0 200.0 300.0 400.0 500.0 600.0 700.0 800.0 900.0 1000.0,	3 0 0 0 1 0 2 1 4 2 1,	197 84 151 135 73 1 85 125 62 111 90,	nonsynonymous SNV gene1115_ptsG:gene1115_ptsG:exon1:c.G190T:p.A64S, MG1655
MG1655,	1158064,	G->T,	0.0 100.0 200.0 300.0 400.0 500.0 600.0 700.0 800.0 900.0 1000.0,	5 0 1 0 1 0 2 1 4 1 0,	195 87 155 133 72 1 86 127 68 113 93,	nonsynonymous SNV gene1115_ptsG:gene1115_ptsG:exon1:c.G196T:p.G66C, MG1655
MG1655,	1161766,	G->T,	0.0 100.0 200.0 300.0 400.0 500.0 600.0 700.0 800.0 900.0 1000.0,	2 5 1 1 1 0 1 3 0 0 1,	273 99 159 144 98 0 149 202 138 203 167,	upstream gene1116_fhuE,gene1117_hinT,gene1118_ycfL,gene1119_lpoB
MG1655,	1,	junction_1_1_4640467_-1,	0 100 200 300 400 500 600 700 800 900 1000,	199 78 114 134 78 1 113 147 85 135 130,	199.0 78.0 114.0 134.0 78.0 1.0 113.0 147.0 85.0 135.0 130.0
MG1655,	146280,	junction_146280_1_146303_1,	0 100 200 300 400 500 600 700 800 900 1000,	9 2 1 1 7 0 0 3 0 4 4,	240.0 95.4 255.6 200.2 137.0 0.0 107.1 300.9 131.2 220.7 179.7
MG1655,	257907,	junction_257907_-1_258684_1,	0 100 200 300 400 500 600 700 800 900 1000,	161 62 132 106 83 0 79 128 59 108 99,	161.0 62.0 132.0 106.0 83.0 0.0 79.0 128.0 59.0 108.0 99.0
MG1655,	414826,	junction_414826_-1_414832_-1,	0 100 200 300 400 500 600 700 800 900 1000,	3 0 7 2 6 0 0 2 5 2 3,	252.0 116.4 200.0 199.0 118.5 0.0 147.0 225.6 132.8 212.2 137.4
MG1655,	696414,	junction_696414_1_696542_1,	0 100 200 300 400 500 600 700 800 900 1000,	5 3 8 6 5 0 2 9 3 4 6,	198.0 92.9 198.7 148.7 94.9 0.0 101.7 148.4 100.4 171.1 127.3
MG1655,	734250,	junction_734250_-1_RIP66 (repetitive extragenic palindromic) element_start,	0 100 200 300 400 500 600 700 800 900 1000,	3 3 1 3 2 0 1 0 0 3 0,	119.5 50.3 78.4 69.4 45.7 0.0 47.4 72.6 43.6 55.7 43.6
MG1655,	781839,	junction_781839_-1_REP70 (repetitive extragenic palindromic) element_start,	0 100 200 300 400 500 600 700 800 900 1000,	7 3 4 5 8 0 0 2 4 0 2,	157.7 59.1 128.4 64.6 83.4 0.0 79.6 108.6 72.2 92.6 93.0
MG1655,	1207790,	junction_1207790_1_1209619_1,	0 100 200 300 400 500 600 700 800 900 1000,	191 67 68 82 54 0 63 101 68 81 72,	291.5 136.0 195.7 183.2 124.0 0.0 154.8 217.5 153.5 196.2 165.5
MG1655,	1207805,	junction_1207805_-1_1209602_-1,	0 100 200 300 400 500 600 700 800 900 1000,	120 39 68 60 22 0 36 53 32 37 32,	227.1 111.3 200.6 167.0 92.8 0.0 127.0 175.2 120.0 154.7 132.0
MG1655,	1299498,	junction_1299498_-1_1300698_1,	0 100 200 300 400 500 600 700 800 900 1000,	232 90 100 103 97 2 167 138 129 133 142,	232.0 90.0 100.0 103.0 97.0 2.0 167.0 138.0 130.0 133.0 142.0
MG1655,	1355153,	indel;-12,	0 100 200 300 400 500 600 700 800 900 1000,	0 0 4 46 66 0 84 119 70 105 102,	175.5 88.5 132.5 103.0 78.5 1.0 85.0 121.0 71.0 106.0 104.0
MG1655,	1724270,	junction_1724270_1_1724298_1,	0 100 200 300 400 500 600 700 800 900 1000,	4 5 7 2 8 0 0 1 0 1 0,	277.8 131.0 253.4 207.4 139.8 0.0 155.7 257.0 114.5 231.8 158.7
MG1655,	1784297,	junction_1784297_1_IS1H_start,	0 100 200 300 400 500 600 700 800 900 1000,	212 70 126 115 77 0 121 153 96 154 107,	240.0 81.0 135.0 121.0 86.0 0.0 133.0 164.0 104.0 167.0 116.0
MG1655,	1784305,	junction_1784305_-1_IS1H_end,	0 100 200 300 400 500 600 700 800 900 1000,	229 119 126 132 97 1 125 164 111 166 132,	235.0 123.0 132.0 138.0 101.0 1.0 130.0 167.0 113.0 166.0 136.0
MG1655,	1978502,	junction_1978502_-1_1979279_1,	0 100 200 300 400 500 600 700 800 900 1000,	246 115 110 94 99 1 140 137 117 113 114,	246.0 115.0 110.0 94.0 99.0 1.0 140.0 137.0 117.0 113.0 114.0
MG1655,	1992028,	junction_1992028_1_4391473_-1,	0 100 200 300 400 500 600 700 800 900 1000,	3 3 4 9 5 0 5 3 3 0 1,	228.1 103.7 203.2 164.3 107.8 1.4 126.7 197.6 91.8 178.9 137.0
MG1655,	2174444,	junction_2174444_1_IS1H_start,	0 100 200 300 400 500 600 700 800 900 1000,	0 0 0 0 0 0 1 5 9 5 1,	277.0 112.0 152.0 109.0 110.0 2.0 145.0 173.0 123.0 116.0 157.0
MG1655,	2175868,	indel;-5,	0 100 200 300 400 500 600 700 800 900 1000,	0 0 0 0 0 0 0 0 1 9 6,	207.8 96.3 158.7 139.2 93.4 0.0 88.8 111.2 86.4 124.6 90.4
MG1655,	2177096,	junction_2177096_-1_IS1H_start,	0 100 200 300 400 500 600 700 800 900 1000,	0 0 0 0 0 0 0 0 1 11 22,	163.0 61.0 139.0 124.0 84.0 0.0 82.0 138.0 77.0 126.0 97.0
MG1655,	2177275,	junction_2177275_1_IS1E_start,	0 100 200 300 400 500 600 700 800 900 1000,	0 0 0 0 0 0 0 0 1 18 45,	141.0 61.0 120.0 93.0 69.0 1.0 77.0 131.0 81.0 135.0 115.0
MG1655,	2177283,	junction_2177283_-1_IS1H_end,	0 100 200 300 400 500 600 700 800 900 1000,	0 0 0 0 0 0 0 0 1 14 47,	138.0 58.0 114.0 88.0 62.0 1.0 79.0 122.0 77.0 128.0 112.0
MG1655,	2305105,	junction_2305105_-1_REP161 (repetitive extragenic palindromic) element_end,	0 100 200 300 400 500 600 700 800 900 1000,	2 0 2 0 2 0 5 3 2 4 4,	116.7 44.5 126.6 71.2 86.0 3.0 60.4 108.8 69.2 116.7 98.9
MG1655,	2316157,	junction_2316157_1_IS2H_start,	0 100 200 300 400 500 600 700 800 900 1000,	0 0 3 17 0 0 0 0 0 0 0,	301.0 137.0 148.0 144.0 134.0 1.0 151.0 192.0 141.0 178.0 156.0
MG1655,	2316161,	junction_2316161_-1_IS2E_end,	0 100 200 300 400 500 600 700 800 900 1000,	0 0 8 12 0 0 0 0 0 0 0,	290.0 134.0 145.0 137.0 123.0 1.0 135.0 177.0 139.0 174.0 150.0
MG1655,	3121234,	junction_3121234_-1_IS5LO_start,	0 100 200 300 400 500 600 700 800 900 1000,	0 19 13 5 1 0 0 0 0 0 0,	415.0 243.0 169.0 215.0 154.0 0.0 226.0 236.0 194.0 227.0 266.0
MG1655,	3619892,	junction_3619892_1_RIP260 (repetitive extragenic palindromic) element_start,	0 100 200 300 400 500 600 700 800 900 1000,	9 7 7 9 15 0 5 11 2 14 9,	9.0 7.0 7.0 9.0 15.0 0.0 5.0 11.0 2.0 14.0 9.0
MG1655,	3655449,	junction_3655449_1_IS5T_start,	0 100 200 300 400 500 600 700 800 900 1000,	0 0 0 0 0 0 11 6 0 0 0,	265.0 103.0 146.0 148.0 104.0 0.0 151.0 164.0 115.0 154.0 145.0
MG1655,	4384163,	junction_4384163_1_4384190_1,	0 100 200 300 400 500 600 700 800 900 1000,	3 4 2 2 5 0 3 5 10 1 6,	379.8 145.0 256.4 209.8 166.8 0.0 201.0 267.9 148.6 300.2 241.2
MG1655,	4540855,	junction_4540855_1_IS2K_start,	0 100 200 300 400 500 600 700 800 900 1000,	0 12 15 6 1 0 0 0 0 0 0,	372.8 188.0 140.6 152.3 139.4 2.0 211.6 168.0 170.0 186.8 210.6
MG1655,	4540860,	junction_4540860_-1_IS2K_start,	0 100 200 300 400 500 600 700 800 900 1000,	0 23 20 12 1 0 1 0 0 0 0,	376.0 206.0 148.0 161.0 135.0 2.0 213.0 170.0 169.0 192.0 210.0
MG1655,	4541263,	junction_4541263_1_IS5T_end,	0 100 200 300 400 500 600 700 800 900 1000,	0 13 19 0 1 0 0 0 0 0 0,	226.0 96.0 162.0 124.0 115.0 0.0 132.0 155.0 107.0 151.0 139.0
MG1655,	4541268,	junction_4541268_-1_IS5K_start,	0 100 200 300 400 500 600 700 800 900 1000,	0 15 10 5 0 0 0 0 0 0 0,	251.2 118.6 162.5 138.9 125.1 0.0 147.6 189.5 124.1 176.8 149.5
MG1655,	4541393,	junction_4541393_1_IS1E_start,	0 100 200 300 400 500 600 700 800 900 1000,	0 6 26 51 58 0 88 125 69 99 112,	176.0 108.0 162.0 125.0 75.0 0.0 95.0 134.0 81.0 115.0 130.0
MG1655,	4541401,	junction_4541401_-1_IS1E_end,	0 100 200 300 400 500 600 700 800 900 1000,	0 7 32 66 99 0 141 183 136 162 137,	186.0 106.0 169.0 134.0 116.0 0.0 150.0 196.0 151.0 179.0 144.0
MG1655,	4541497,	junction_4541497_1_4541811_1,	0 100 200 300 400 500 600 700 800 900 1000,	19 8 44 21 51 0 55 72 44 79 49,	295.5 108.7 190.3 168.4 102.0 0.0 114.6 186.9 110.2 155.3 141.9
MG1655,	4541505,	junction_4541505_-1_4541801_-1,	0 100 200 300 400 500 600 700 800 900 1000,	19 15 37 35 39 0 73 85 71 71 63,	298.2 118.4 188.7 185.1 90.0 0.0 135.3 197.2 138.1 151.8 157.7
MG1655,	4625989,	junction_4625989_-1_4625995_-1,	0 100 200 300 400 500 600 700 800 900 1000,	2 2 3 1 4 0 1 1 1 9 4,	175.8 58.3 173.9 128.1 83.2 1.9 74.5 144.7 81.1 161.4 99.5
