MG1655,	301,	indel;C+T;C-1,	0.0 100.0 200.0 300.0 400.0 500.0 600.0 700.0 800.0 900.0 1000.0,	0 3 6 3 3 2 3 1 2 7 1,	72 81 111 78 107 113 116 86 140 119 120,	upstream;downstream gene1_thrA;gene0_thrL
MG1655,	551,	C->T,	0.0 100.0 200.0 300.0 400.0 500.0 600.0 700.0 800.0 900.0 1000.0,	1 1 1 3 2 1 3 0 0 0 1,	110 88 83 47 80 85 74 51 77 63 93,	nonsynonymous SNV gene1_thrA:gene1_thrA:exon1:c.C215T:p.A72V, MG1655
MG1655,	3253,	G->C,	0.0 100.0 200.0 300.0 400.0 500.0 600.0 700.0 800.0 900.0 1000.0,	0 1 0 3 2 1 0 0 2 0 0,	156 103 96 51 101 93 104 95 98 82 115,	nonsynonymous SNV gene2_thrB:gene2_thrB:exon1:c.G453C:p.M151I, MG1655
MG1655,	3264,	T->A,	0.0 100.0 200.0 300.0 400.0 500.0 600.0 700.0 800.0 900.0 1000.0,	0 0 0 3 1 1 1 0 2 1 1,	140 78 80 56 92 81 87 87 100 77 97,	nonsynonymous SNV gene2_thrB:gene2_thrB:exon1:c.T464A:p.I155N, MG1655
MG1655,	14064,	C->A,	0.0 100.0 200.0 300.0 400.0 500.0 600.0 700.0 800.0 900.0 1000.0,	2 3 6 3 3 4 6 5 5 3 0,	178 123 112 98 139 114 144 92 141 91 128,	synonymous SNV gene12_dnaK:gene12_dnaK:exon1:c.C1902A:p.V634V, MG1655
MG1655,	14070,	C->A,	0.0 100.0 200.0 300.0 400.0 500.0 600.0 700.0 800.0 900.0 1000.0,	3 1 7 4 2 1 6 4 5 1 2,	185 126 123 107 151 126 150 94 151 91 139,	nonsynonymous SNV gene12_dnaK:gene12_dnaK:exon1:c.C1908A:p.D636E, MG1655
MG1655,	34111,	indel;G-1;G+T;G+TT,	0.0 100.0 200.0 300.0 400.0 500.0 600.0 700.0 800.0 900.0 1000.0,	13 7 8 3 7 11 8 7 7 11 6,	280 246 264 125 266 229 254 198 243 195 240,	upstream;downstream gene33_caiF;gene32_carB,gene34_caiE
MG1655,	34121,	G->T,	0.0 100.0 200.0 300.0 400.0 500.0 600.0 700.0 800.0 900.0 1000.0,	17 18 24 15 27 22 31 20 10 12 18,	245 232 261 126 228 214 255 174 229 195 236,	upstream;downstream gene33_caiF;gene32_carB,gene34_caiE
MG1655,	34122,	C->T,	0.0 100.0 200.0 300.0 400.0 500.0 600.0 700.0 800.0 900.0 1000.0,	11 8 5 6 8 11 14 8 9 6 7,	249 221 241 125 216 211 236 170 227 197 225,	upstream;downstream gene33_caiF;gene32_carB,gene34_caiE
MG1655,	34123,	C->T,	0.0 100.0 200.0 300.0 400.0 500.0 600.0 700.0 800.0 900.0 1000.0,	4 5 4 3 9 12 12 5 4 3 7,	248 215 241 119 220 203 237 166 222 182 230,	upstream;downstream gene33_caiF;gene32_carB,gene34_caiE
MG1655,	68519,	A->T,	0.0 100.0 200.0 300.0 400.0 500.0 600.0 700.0 800.0 900.0 1000.0,	0 1 1 1 1 0 2 1 2 1 5,	148 80 82 53 88 70 106 87 119 64 98,	synonymous SNV gene61_araB:gene61_araB:exon1:c.T1530A:p.A510A, MG1655
MG1655,	72399,	G->T,	0.0 100.0 200.0 300.0 400.0 500.0 600.0 700.0 800.0 900.0 1000.0,	1 2 3 0 3 3 1 5 1 4 1,	159 118 120 71 120 128 134 90 128 98 133,	nonsynonymous SNV gene64_thiQ:gene64_thiQ:exon1:c.C529A:p.Q177K, MG1655
MG1655,	80327,	C->T,	0.0 100.0 200.0 300.0 400.0 500.0 600.0 700.0 800.0 900.0 1000.0,	2 0 0 0 0 0 0 1 0 2 0,	114 74 73 49 82 93 90 68 108 40 104,	nonsynonymous SNV gene72_leuC:gene72_leuC:exon1:c.G538A:p.A180T, MG1655
MG1655,	107544,	indel;G-1;G+T;G+TT,	0.0 100.0 200.0 300.0 400.0 500.0 600.0 700.0 800.0 900.0 1000.0,	9 14 4 2 10 3 8 4 3 3 9,	147 173 155 88 143 144 163 144 151 104 140,	upstream;downstream gene96_secM,gene97_secA;gene95_lpxC
MG1655,	132770,	C->A,	0.0 100.0 200.0 300.0 400.0 500.0 600.0 700.0 800.0 900.0 1000.0,	2 1 3 3 0 3 0 0 1 1 4,	106 92 75 45 70 84 98 73 81 64 81,	nonsynonymous SNV gene115_acnB:gene115_acnB:exon1:c.C1156A:p.Q386K, MG1655
MG1655,	238497,	G->T,	0.0 100.0 200.0 300.0 400.0 500.0 600.0 700.0 800.0 900.0 1000.0,	5 8 10 1 6 7 9 2 2 2 2,	127 215 184 113 216 188 214 153 180 153 171,	synonymous SNV gene216_ykfM:gene216_ykfM:exon1:c.C240A:p.I80I, MG1655
MG1655,	293521,	C->A,	0.0 100.0 200.0 300.0 400.0 500.0 600.0 700.0 800.0 900.0 1000.0,	4 1 4 2 2 8 5 4 2 3 2,	162 131 146 96 152 147 184 117 134 134 143,	nonsynonymous SNV gene285_yagL:gene285_yagL:exon1:c.G398T:p.C133F, MG1655
MG1655,	296488,	C->T,	0.0 100.0 200.0 300.0 400.0 500.0 600.0 700.0 800.0 900.0 1000.0,	235 183 159 112 167 149 176 138 168 120 145,	235 183 159 112 167 149 176 138 168 120 145,	synonymous SNV gene288_intF:gene288_intF:exon1:c.G609A:p.E203E, MG1655
MG1655,	314350,	T->G,	0.0 100.0 200.0 300.0 400.0 500.0 600.0 700.0 800.0 900.0 1000.0,	0 0 0 0 0 0 0 1 3 27 38,	197 199 172 120 195 172 183 144 155 131 164,	upstream gene308_ykgP,gene309_eaeH,gene310_insE1
MG1655,	345104,	G->T,	0.0 100.0 200.0 300.0 400.0 500.0 600.0 700.0 800.0 900.0 1000.0,	3 3 5 4 4 13 1 0 3 1 5,	281 273 236 147 254 230 244 177 199 168 225,	upstream;downstream gene337_yahM;gene336_yahL,gene338_yahN
MG1655,	349717,	T->C,	0.0 100.0 200.0 300.0 400.0 500.0 600.0 700.0 800.0 900.0 1000.0,	3 1 4 3 1 1 10 3 4 0 4,	180 139 124 91 109 111 142 100 148 104 129,	upstream;downstream gene342_prpC;gene341_prpB
MG1655,	365814,	C->T,	0.0 100.0 200.0 300.0 400.0 500.0 600.0 700.0 800.0 900.0 1000.0,	98 63 60 43 61 47 53 51 59 53 60,	101 63 60 43 61 47 53 52 59 54 60,	synonymous SNV gene353_lacZ:gene353_lacZ:exon1:c.G492A:p.Q164Q, MG1655
MG1655,	380012,	indel;A-1;A+G;A+GG,	0.0 100.0 200.0 300.0 400.0 500.0 600.0 700.0 800.0 900.0 1000.0,	18 20 27 17 27 17 23 14 22 14 17,	218 325 247 211 258 249 244 202 261 187 247,	upstream;downstream gene365_frmA,gene366_frmR;gene367_yaiO,gene368_yaiX
MG1655,	1210003,	G->T,	0.0 100.0 200.0 300.0 400.0 500.0 600.0 700.0 800.0 900.0 1000.0,	2 0 0 4 1 4 1 0 0 0 2,	198 131 117 76 152 140 92 107 102 85 109,	nonsynonymous SNV gene1172_pinE:gene1172_pinE:exon1:c.G319T:p.V107L, MG1655
MG1655,	1214893,	G->T,	0.0 100.0 200.0 300.0 400.0 500.0 600.0 700.0 800.0 900.0 1000.0,	4 0 1 6 2 6 2 1 1 3 2,	211 150 150 106 157 175 126 90 121 83 134,	nonsynonymous SNV gene1178_bluF:gene1178_bluF:exon1:c.C583A:p.Q195K, MG1655
MG1655,	1229561,	G->T,	0.0 100.0 200.0 300.0 400.0 500.0 600.0 700.0 800.0 900.0 1000.0,	3 12 4 4 4 9 7 0 2 6 8,	195 173 152 120 134 160 132 98 135 117 135,	synonymous SNV gene1199_hlyE:gene1199_hlyE:exon1:c.C834A:p.A278A, MG1655
MG1655,	1229562,	G->T,	0.0 100.0 200.0 300.0 400.0 500.0 600.0 700.0 800.0 900.0 1000.0,	2 6 2 1 3 10 6 0 3 1 8,	197 168 144 110 130 156 124 97 123 106 132,	nonsynonymous SNV gene1199_hlyE:gene1199_hlyE:exon1:c.C833A:p.A278D, MG1655
MG1655,	1230004,	G->T,	0.0 100.0 200.0 300.0 400.0 500.0 600.0 700.0 800.0 900.0 1000.0,	3 1 0 1 0 1 1 2 2 5 1,	153 134 161 111 122 144 118 125 112 92 119,	nonsynonymous SNV gene1199_hlyE:gene1199_hlyE:exon1:c.C391A:p.Q131K, MG1655
MG1655,	1233610,	G->T,	0.0 100.0 200.0 300.0 400.0 500.0 600.0 700.0 800.0 900.0 1000.0,	0 2 0 0 1 2 1 0 1 2 3,	161 121 115 64 90 99 88 76 93 91 59,	nonsynonymous SNV gene1203_nhaB:gene1203_nhaB:exon1:c.C1108A:p.Q370K, MG1655
MG1655,	1233613,	C->T,	0.0 100.0 200.0 300.0 400.0 500.0 600.0 700.0 800.0 900.0 1000.0,	0 0 2 0 0 2 0 0 1 0 4,	164 120 115 64 81 90 83 73 91 82 57,	nonsynonymous SNV gene1203_nhaB:gene1203_nhaB:exon1:c.G1105A:p.D369N, MG1655
MG1655,	1233618,	A->G,	0.0 100.0 200.0 300.0 400.0 500.0 600.0 700.0 800.0 900.0 1000.0,	1 2 0 1 0 6 0 0 3 0 1,	166 116 105 63 83 90 82 70 84 80 51,	nonsynonymous SNV gene1203_nhaB:gene1203_nhaB:exon1:c.T1100C:p.I367T, MG1655
MG1655,	1233623,	C->G,	0.0 100.0 200.0 300.0 400.0 500.0 600.0 700.0 800.0 900.0 1000.0,	2 4 0 4 2 2 0 2 2 2 5,	162 118 108 59 91 86 83 64 86 88 57,	synonymous SNV gene1203_nhaB:gene1203_nhaB:exon1:c.G1095C:p.A365A, MG1655
MG1655,	1233629,	T->C,	0.0 100.0 200.0 300.0 400.0 500.0 600.0 700.0 800.0 900.0 1000.0,	3 1 3 2 0 3 0 2 2 3 3,	176 123 116 64 95 95 89 65 89 90 56,	synonymous SNV gene1203_nhaB:gene1203_nhaB:exon1:c.A1089G:p.V363V, MG1655
MG1655,	1235705,	G->T,	0.0 100.0 200.0 300.0 400.0 500.0 600.0 700.0 800.0 900.0 1000.0,	0 1 0 0 3 1 0 0 4 0 0,	83 71 82 51 72 69 61 50 64 66 83,	upstream;downstream gene1203_nhaB;gene1204_fadR,gene1205_ycgB
MG1655,	1245398,	C->A,	0.0 100.0 200.0 300.0 400.0 500.0 600.0 700.0 800.0 900.0 1000.0,	2 5 3 2 2 2 5 2 1 6 4,	153 142 141 105 144 151 122 102 121 112 122,	nonsynonymous SNV gene1213_ycgY:gene1213_ycgY:exon1:c.C239A:p.P80Q, MG1655
MG1655,	1260207,	C->A,	0.0 100.0 200.0 300.0 400.0 500.0 600.0 700.0 800.0 900.0 1000.0,	1 0 3 3 1 1 2 0 1 2 0,	127 97 111 60 73 100 83 64 68 73 78,	nonsynonymous SNV gene1223_dauA:gene1223_dauA:exon1:c.G597T:p.W199C, MG1655
MG1655,	1313042,	C->A,	0.0 100.0 200.0 300.0 400.0 500.0 600.0 700.0 800.0 900.0 1000.0,	3 3 0 4 1 2 2 1 0 4 1,	218 126 159 79 142 147 107 102 127 91 112,	nonsynonymous SNV gene1278_yciC:gene1278_yciC:exon1:c.G622T:p.A208S, MG1655
MG1655,	1341732,	T->A,	0.0 100.0 200.0 300.0 400.0 500.0 600.0 700.0 800.0 900.0 1000.0,	1 2 4 2 2 1 1 6 1 1 0,	206 154 168 87 117 171 108 111 116 77 108,	upstream;downstream gene1306_pyrF,gene1307_yciH;gene1305_yciM
MG1655,	1370035,	indel;G-1;G+T;G+TT,	0.0 100.0 200.0 300.0 400.0 500.0 600.0 700.0 800.0 900.0 1000.0,	15 7 7 6 9 6 7 4 4 2 8,	211 145 146 99 161 142 144 119 148 101 121,	upstream;downstream gene1336_ycjM;gene1333_pspC,gene1334_pspD,gene1335_pspE
MG1655,	1370045,	C->T,	0.0 100.0 200.0 300.0 400.0 500.0 600.0 700.0 800.0 900.0 1000.0,	2 1 2 5 0 2 0 1 1 0 3,	176 126 136 78 143 123 110 97 129 87 105,	upstream;downstream gene1336_ycjM;gene1333_pspC,gene1334_pspD,gene1335_pspE
MG1655,	1370047,	G->T,	0.0 100.0 200.0 300.0 400.0 500.0 600.0 700.0 800.0 900.0 1000.0,	4 1 1 5 1 4 1 1 1 3 4,	181 126 130 79 140 124 113 94 130 88 101,	upstream;downstream gene1336_ycjM;gene1333_pspC,gene1334_pspD,gene1335_pspE
MG1655,	1386559,	C->A,	0.0 100.0 200.0 300.0 400.0 500.0 600.0 700.0 800.0 900.0 1000.0,	0 2 0 1 0 4 1 0 0 0 0,	115 89 89 31 79 78 49 47 62 45 75,	nonsynonymous SNV gene1349_ycjF:gene1349_ycjF:exon1:c.C1049A:p.P350H, MG1655
MG1655,	1387761,	C->A,	0.0 100.0 200.0 300.0 400.0 500.0 600.0 700.0 800.0 900.0 1000.0,	1 3 8 1 2 2 1 1 2 1 1,	220 134 133 67 111 134 102 78 98 74 100,	nonsynonymous SNV gene1350_tyrR:gene1350_tyrR:exon1:c.C1042A:p.Q348K, MG1655
MG1655,	1390704,	G->T,	0.0 100.0 200.0 300.0 400.0 500.0 600.0 700.0 800.0 900.0 1000.0,	5 3 4 1 4 7 7 8 2 6 4,	212 169 139 82 135 174 108 121 111 119 139,	upstream;downstream gene1353_mpaA;gene1352_ycjG,gene1354_ymjC,gene1355_ymjD,gene1356_ycjY
MG1655,	1390708,	G->T,	0.0 100.0 200.0 300.0 400.0 500.0 600.0 700.0 800.0 900.0 1000.0,	3 1 1 0 2 1 6 2 0 0 3,	205 165 129 82 131 166 105 107 104 115 140,	upstream;downstream gene1353_mpaA;gene1352_ycjG,gene1354_ymjC,gene1355_ymjD,gene1356_ycjY
MG1655,	1390709,	A->T,	0.0 100.0 200.0 300.0 400.0 500.0 600.0 700.0 800.0 900.0 1000.0,	4 1 1 1 1 3 7 3 0 1 2,	204 168 130 78 131 163 96 108 100 107 135,	upstream;downstream gene1353_mpaA;gene1352_ycjG,gene1354_ymjC,gene1355_ymjD,gene1356_ycjY
MG1655,	1390710,	A->T,	0.0 100.0 200.0 300.0 400.0 500.0 600.0 700.0 800.0 900.0 1000.0,	1 1 2 1 0 2 5 4 0 2 2,	197 167 132 85 129 166 99 116 99 110 136,	upstream;downstream gene1353_mpaA;gene1352_ycjG,gene1354_ymjC,gene1355_ymjD,gene1356_ycjY
MG1655,	1400831,	C->A,	0.0 100.0 200.0 300.0 400.0 500.0 600.0 700.0 800.0 900.0 1000.0,	6 6 3 4 6 8 3 1 1 1 2,	174 150 178 104 125 154 98 86 99 77 113,	nonsynonymous SNV gene1365_abgT:gene1365_abgT:exon1:c.G943T:p.V315F, MG1655
MG1655,	1400834,	C->A,	0.0 100.0 200.0 300.0 400.0 500.0 600.0 700.0 800.0 900.0 1000.0,	8 8 4 5 7 8 3 3 1 7 2,	177 155 175 108 136 147 97 82 96 84 117,	nonsynonymous SNV gene1365_abgT:gene1365_abgT:exon1:c.G940T:p.V314F, MG1655
MG1655,	1409919,	C->A,	0.0 100.0 200.0 300.0 400.0 500.0 600.0 700.0 800.0 900.0 1000.0,	2 2 1 1 2 2 6 2 2 2 0,	245 141 137 110 106 139 113 85 116 86 112,	nonsynonymous SNV gene1374_dbpA:gene1374_dbpA:exon1:c.C409A:p.L137M, MG1655
MG1655,	1429770,	C->T,	0.0 100.0 200.0 300.0 400.0 500.0 600.0 700.0 800.0 900.0 1000.0,	2 0 0 0 0 0 2 0 0 0 0,	89 56 71 35 61 59 39 51 48 53 50,	nonsynonymous SNV gene1403_stfR:gene1403_stfR:exon1:c.C722T:p.A241V, MG1655
MG1655,	1434839,	C->A,	0.0 100.0 200.0 300.0 400.0 500.0 600.0 700.0 800.0 900.0 1000.0,	3 9 7 3 9 12 5 7 5 6 6,	179 176 148 101 150 151 116 99 120 78 104,	upstream;downstream gene1406_ynaE;gene1407_ttcC,gene1408_uspF,gene1409_ompN
MG1655,	1434850,	C->A,	0.0 100.0 200.0 300.0 400.0 500.0 600.0 700.0 800.0 900.0 1000.0,	4 10 6 5 5 7 9 4 6 4 3,	163 173 155 98 145 139 120 91 110 81 113,	upstream;downstream gene1406_ynaE;gene1407_ttcC,gene1408_uspF,gene1409_ompN
MG1655,	1466636,	T->C,	0.0 100.0 200.0 300.0 400.0 500.0 600.0 700.0 800.0 900.0 1000.0,	0 4 0 0 0 4 2 0 4 1 1,	214 114 120 76 100 127 69 79 80 62 114,	synonymous SNV gene1436_ydbA:gene1436_ydbA:exon1:c.T1245C:p.I415I, MG1655
MG1655,	1479954,	G->A,	0.0 100.0 200.0 300.0 400.0 500.0 600.0 700.0 800.0 900.0 1000.0,	0 1 1 1 7 4 0 0 4 0 1,	169 160 139 91 127 129 128 114 92 98 106,	nonsynonymous SNV gene1444_ynbC:gene1444_ynbC:exon1:c.G817A:p.E273K, MG1655
MG1655,	1485551,	G->A,	0.0 100.0 200.0 300.0 400.0 500.0 600.0 700.0 800.0 900.0 1000.0,	4 1 1 0 3 4 3 3 1 1 1,	150 96 95 76 100 93 81 60 74 61 92,	nonsynonymous SNV gene1447_hrpA:gene1447_hrpA:exon1:c.G2491A:p.E831K, MG1655
MG1655,	1498800,	C->A,	0.0 100.0 200.0 300.0 400.0 500.0 600.0 700.0 800.0 900.0 1000.0,	0 4 7 0 2 3 0 1 0 1 1,	152 114 124 89 99 170 102 91 100 70 86,	synonymous SNV gene1461_ydcH:gene1461_ydcH:exon1:c.C150A:p.R50R, MG1655
MG1655,	1505453,	G->A,	0.0 100.0 200.0 300.0 400.0 500.0 600.0 700.0 800.0 900.0 1000.0,	2 4 3 3 2 6 5 4 4 3 1,	157 128 125 84 103 137 97 93 105 74 85,	nonsynonymous SNV gene1469_ydcO:gene1469_ydcO:exon1:c.C628T:p.H210Y, MG1655
MG1655,	1505455,	G->A,	0.0 100.0 200.0 300.0 400.0 500.0 600.0 700.0 800.0 900.0 1000.0,	1 2 3 3 1 4 5 2 1 1 0,	161 128 129 88 106 136 98 99 108 72 87,	nonsynonymous SNV gene1469_ydcO:gene1469_ydcO:exon1:c.C626T:p.A209V, MG1655
MG1655,	1505456,	C->A,	0.0 100.0 200.0 300.0 400.0 500.0 600.0 700.0 800.0 900.0 1000.0,	3 8 7 7 3 8 7 2 4 4 5,	152 129 128 85 107 135 95 95 106 74 88,	nonsynonymous SNV gene1469_ydcO:gene1469_ydcO:exon1:c.G625T:p.A209S, MG1655
MG1655,	1505460,	C->A,	0.0 100.0 200.0 300.0 400.0 500.0 600.0 700.0 800.0 900.0 1000.0,	1 6 3 4 0 5 6 1 2 2 4,	153 137 123 82 118 143 95 98 110 80 94,	synonymous SNV gene1469_ydcO:gene1469_ydcO:exon1:c.G621T:p.S207S, MG1655
MG1655,	1505461,	G->A,	0.0 100.0 200.0 300.0 400.0 500.0 600.0 700.0 800.0 900.0 1000.0,	3 4 5 5 4 5 6 1 4 3 3,	159 137 128 87 121 147 99 105 108 82 96,	nonsynonymous SNV gene1469_ydcO:gene1469_ydcO:exon1:c.C620T:p.S207L, MG1655
MG1655,	1510775,	C->A,	0.0 100.0 200.0 300.0 400.0 500.0 600.0 700.0 800.0 900.0 1000.0,	2 3 0 2 1 2 1 1 2 0 5,	139 115 117 59 76 111 86 78 92 72 86,	nonsynonymous SNV gene1475_ydcR:gene1475_ydcR:exon1:c.C773A:p.T258K, MG1655
MG1655,	1510780,	C->A,	0.0 100.0 200.0 300.0 400.0 500.0 600.0 700.0 800.0 900.0 1000.0,	3 3 1 2 4 2 2 0 2 2 3,	128 106 104 55 71 104 77 70 83 69 80,	nonsynonymous SNV gene1475_ydcR:gene1475_ydcR:exon1:c.C778A:p.Q260K, MG1655
MG1655,	1608824,	A->T,	0.0 100.0 200.0 300.0 400.0 500.0 600.0 700.0 800.0 900.0 1000.0,	6 7 3 3 4 7 5 4 1 3 3,	161 118 117 58 102 93 93 60 69 63 73,	nonsynonymous SNV gene1554_yneE:gene1554_yneE:exon1:c.T199A:p.F67I, MG1655
MG1655,	1608838,	A->C,	0.0 100.0 200.0 300.0 400.0 500.0 600.0 700.0 800.0 900.0 1000.0,	0 3 1 1 1 5 1 1 0 3 3,	151 115 107 51 94 94 89 56 66 57 73,	nonsynonymous SNV gene1554_yneE:gene1554_yneE:exon1:c.T185G:p.V62G, MG1655
MG1655,	1611083,	G->T,	0.0 100.0 200.0 300.0 400.0 500.0 600.0 700.0 800.0 900.0 1000.0,	3 0 1 1 2 6 2 2 2 0 1,	149 110 87 79 86 110 80 61 73 64 62,	nonsynonymous SNV gene1556_yneF:gene1556_yneF:exon1:c.C772A:p.Q258K, MG1655
MG1655,	1619556,	C->A,	0.0 100.0 200.0 300.0 400.0 500.0 600.0 700.0 800.0 900.0 1000.0,	4 4 5 1 4 3 3 2 1 6 2,	211 165 150 106 127 169 120 96 125 98 110,	upstream;downstream gene1563_marC,gene1565_marA,gene1566_marB;gene1564_marR,gene1567_eamA
MG1655,	1626622,	indel;A-1;A+T,	0.0 100.0 200.0 300.0 400.0 500.0 600.0 700.0 800.0 900.0 1000.0,	2 2 3 1 2 1 0 6 0 1 1,	190 130 152 82 116 132 84 104 87 87 118,	frameshift substitution gene1574_dcp:gene1574_dcp:exon1:c.759_759delinsAT, MG1655
MG1655,	1628301,	C->A,	0.0 100.0 200.0 300.0 400.0 500.0 600.0 700.0 800.0 900.0 1000.0,	1 0 1 1 5 6 2 0 2 0 4,	158 97 135 81 109 153 96 78 95 76 75,	upstream;downstream gene1574_dcp,gene1576_rspR,gene1577_ydfZ;gene1575_ydfG
MG1655,	1632306,	C->T,	0.0 100.0 200.0 300.0 400.0 500.0 600.0 700.0 800.0 900.0 1000.0,	1 2 1 0 2 2 0 0 0 4 1,	127 162 124 67 126 116 118 103 101 70 112,	intronic gene1579_ydfJ
MG1655,	1655646,	C->A,	0.0 100.0 200.0 300.0 400.0 500.0 600.0 700.0 800.0 900.0 1000.0,	7 7 4 4 6 3 2 2 7 3 5,	254 280 246 153 172 203 147 114 140 134 161,	nonsynonymous SNV gene1620_ynfA:gene1620_ynfA:exon1:c.G28T:p.A10S, MG1655
MG1655,	1708662,	C->G,	0.0 100.0 200.0 300.0 400.0 500.0 600.0 700.0 800.0 900.0 1000.0,	1 5 0 1 1 2 3 3 4 0 1,	121 108 88 78 82 118 76 57 83 67 96,	nonsynonymous SNV gene1669_rsxC:gene1669_rsxC:exon1:c.C1744G:p.Q582E, MG1655
MG1655,	1708805,	T->C,	0.0 100.0 200.0 300.0 400.0 500.0 600.0 700.0 800.0 900.0 1000.0,	1 1 0 1 3 3 1 1 2 0 1,	105 106 84 52 54 72 63 63 46 47 52,	synonymous SNV gene1669_rsxC:gene1669_rsxC:exon1:c.T1887C:p.R629R, MG1655
MG1655,	1714317,	indel;C+T;C-1,	0.0 100.0 200.0 300.0 400.0 500.0 600.0 700.0 800.0 900.0 1000.0,	2 1 1 3 2 1 1 0 4 4 5,	92 94 120 61 102 86 76 60 62 72 90,	upstream;downstream gene1675_gstA;gene1674_dtpA,gene1676_pdxY
MG1655,	1717898,	C->A,	0.0 100.0 200.0 300.0 400.0 500.0 600.0 700.0 800.0 900.0 1000.0,	2 0 0 1 1 0 0 3 1 0 0,	183 95 126 76 107 112 87 59 86 88 110,	nonsynonymous SNV gene1678_pdxH:gene1678_pdxH:exon1:c.G110T:p.R37L, MG1655
MG1655,	1732640,	C->A,	0.0 100.0 200.0 300.0 400.0 500.0 600.0 700.0 800.0 900.0 1000.0,	3 1 1 1 5 3 2 1 0 1 2,	160 104 100 63 98 118 99 53 92 53 95,	stopgain gene1693_lhr:gene1693_lhr:exon1:c.C3554A:p.S1185X, MG1655
MG1655,	1732645,	C->A,	0.0 100.0 200.0 300.0 400.0 500.0 600.0 700.0 800.0 900.0 1000.0,	3 1 3 4 6 4 1 4 0 3 2,	155 104 100 66 96 118 97 54 93 56 82,	nonsynonymous SNV gene1693_lhr:gene1693_lhr:exon1:c.C3559A:p.Q1187K, MG1655
MG1655,	1750748,	C->A,	0.0 100.0 200.0 300.0 400.0 500.0 600.0 700.0 800.0 900.0 1000.0,	1 1 1 0 0 1 0 1 0 5 2,	214 134 120 97 124 136 109 79 99 86 121,	nonsynonymous SNV gene1712_ydhX:gene1712_ydhX:exon1:c.G266T:p.R89L, MG1655
MG1655,	1757337,	C->A,	0.0 100.0 200.0 300.0 400.0 500.0 600.0 700.0 800.0 900.0 1000.0,	1 1 3 5 2 3 0 3 5 5 2,	138 163 154 97 130 162 102 112 110 104 125,	upstream;downstream gene1718_lpp;gene1717_pykF,gene1719_ldtE
MG1655,	1760572,	T->C,	0.0 100.0 200.0 300.0 400.0 500.0 600.0 700.0 800.0 900.0 1000.0,	0 0 0 3 0 0 0 0 0 0 2,	116 106 75 48 98 80 83 60 67 59 61,	nonsynonymous SNV gene1722_sufD:gene1722_sufD:exon1:c.A1220G:p.K407R, MG1655
MG1655,	1770783,	C->A,	0.0 100.0 200.0 300.0 400.0 500.0 600.0 700.0 800.0 900.0 1000.0,	2 1 3 1 4 1 2 6 3 2 3,	138 105 113 110 98 106 88 79 103 71 104,	nonsynonymous SNV gene1732_ydiL:gene1732_ydiL:exon1:c.C169A:p.Q57K, MG1655
MG1655,	1771332,	G->T,	0.0 100.0 200.0 300.0 400.0 500.0 600.0 700.0 800.0 900.0 1000.0,	3 4 1 1 3 9 0 1 1 1 6,	208 190 192 94 169 176 130 90 123 101 147,	nonsynonymous SNV gene1733_ydiM:gene1733_ydiM:exon1:c.G262T:p.G88C, MG1655
MG1655,	1786328,	G->T,	0.0 100.0 200.0 300.0 400.0 500.0 600.0 700.0 800.0 900.0 1000.0,	0 0 0 0 0 0 0 0 0 2 4,	168 86 73 51 83 82 75 57 81 51 69,	stopgain gene1745_ppsA:gene1745_ppsA:exon1:c.C785A:p.S262X, MG1655
MG1655,	1786742,	A->G,	0.0 100.0 200.0 300.0 400.0 500.0 600.0 700.0 800.0 900.0 1000.0,	1 1 2 4 1 2 0 1 0 0 0,	126 86 98 63 89 99 64 66 54 65 78,	nonsynonymous SNV gene1745_ppsA:gene1745_ppsA:exon1:c.T371C:p.F124S, MG1655
MG1655,	1789346,	G->C,	0.0 100.0 200.0 300.0 400.0 500.0 600.0 700.0 800.0 900.0 1000.0,	0 0 0 2 0 0 0 0 2 0 1,	91 80 60 21 57 69 56 39 47 44 50,	synonymous SNV gene1747_aroH:gene1747_aroH:exon1:c.G912C:p.L304L, MG1655
MG1655,	1789354,	G->A,	0.0 100.0 200.0 300.0 400.0 500.0 600.0 700.0 800.0 900.0 1000.0,	1 1 1 2 0 1 1 1 2 0 1,	93 70 60 20 55 64 50 37 44 37 50,	nonsynonymous SNV gene1747_aroH:gene1747_aroH:exon1:c.G920A:p.G307E, MG1655
MG1655,	1789358,	G->A,	0.0 100.0 200.0 300.0 400.0 500.0 600.0 700.0 800.0 900.0 1000.0,	0 1 0 2 0 2 0 0 2 0 1,	90 67 60 20 59 67 52 39 39 39 50,	synonymous SNV gene1747_aroH:gene1747_aroH:exon1:c.G924A:p.T308T, MG1655
MG1655,	1801900,	G->T,	0.0 100.0 200.0 300.0 400.0 500.0 600.0 700.0 800.0 900.0 1000.0,	0 2 1 2 2 1 0 3 0 1 5,	211 160 136 93 125 149 111 83 107 92 94,	nonsynonymous SNV gene1762_thrS:gene1762_thrS:exon1:c.C671A:p.A224E, MG1655
MG1655,	1844594,	G->T,	0.0 100.0 200.0 300.0 400.0 500.0 600.0 700.0 800.0 900.0 1000.0,	4 5 7 4 2 8 6 9 5 4 8,	226 199 189 107 168 188 165 129 154 106 156,	nonsynonymous SNV gene1805_ynjI:gene1805_ynjI:exon1:c.C278A:p.A93E, MG1655
MG1655,	1861683,	C->A,	0.0 100.0 200.0 300.0 400.0 500.0 600.0 700.0 800.0 900.0 1000.0,	7 5 9 5 3 4 6 3 6 3 7,	184 188 193 94 124 147 122 118 134 93 135,	upstream;downstream gene1819_ydjL;gene1820_yeaC,gene1821_msrB
MG1655,	1874269,	C->A,	0.0 100.0 200.0 300.0 400.0 500.0 600.0 700.0 800.0 900.0 1000.0,	4 4 1 3 2 0 3 2 2 5 1,	186 133 120 104 121 145 119 99 119 89 87,	upstream;downstream gene1831_yoaI,gene1832_yeaL;gene1829_yeaJ,gene1830_yeaK,gene1833_yeaM
MG1655,	1894338,	G->A,	0.0 100.0 200.0 300.0 400.0 500.0 600.0 700.0 800.0 900.0 1000.0,	2 5 8 0 3 2 1 3 3 0 2,	127 138 135 81 95 138 101 81 95 92 88,	stopgain gene1855_yoaC:gene1855_yoaC:exon1:c.G206A:p.W69X, MG1655
MG1655,	1894339,	G->A,	0.0 100.0 200.0 300.0 400.0 500.0 600.0 700.0 800.0 900.0 1000.0,	3 9 6 1 4 2 1 4 4 0 1,	130 142 127 81 91 132 93 79 86 86 80,	stopgain gene1855_yoaC:gene1855_yoaC:exon1:c.G207A:p.W69X, MG1655
MG1655,	1894341,	C->A,	0.0 100.0 200.0 300.0 400.0 500.0 600.0 700.0 800.0 900.0 1000.0,	5 13 8 4 7 3 4 7 9 1 7,	131 158 135 82 101 137 114 90 94 87 100,	nonsynonymous SNV gene1855_yoaC:gene1855_yoaC:exon1:c.C209A:p.A70E, MG1655
MG1655,	1908009,	C->A,	0.0 100.0 200.0 300.0 400.0 500.0 600.0 700.0 800.0 900.0 1000.0,	4 7 9 1 5 5 5 4 0 5 7,	164 218 178 118 198 170 180 118 137 125 149,	upstream;downstream gene1867_rlmA,gene1868_cspC,gene1869_yobF,gene1872_yobH;gene1870_yebO,gene1871_mgrB
MG1655,	1935993,	G->T,	0.0 100.0 200.0 300.0 400.0 500.0 600.0 700.0 800.0 900.0 1000.0,	2 3 1 0 0 2 1 3 0 0 7,	162 131 121 75 103 130 87 91 104 82 111,	nonsynonymous SNV gene1900_zwf:gene1900_zwf:exon1:c.C322A:p.Q108K, MG1655
MG1655,	1940185,	C->T,	0.0 100.0 200.0 300.0 400.0 500.0 600.0 700.0 800.0 900.0 1000.0,	1 2 7 1 3 3 0 2 2 1 2,	99 77 86 53 112 98 71 60 85 66 67,	synonymous SNV gene1903_lpxM:gene1903_lpxM:exon1:c.G9A:p.T3T, MG1655
MG1655,	1940186,	G->T,	0.0 100.0 200.0 300.0 400.0 500.0 600.0 700.0 800.0 900.0 1000.0,	1 2 5 0 4 2 1 2 2 0 1,	101 81 79 60 113 95 73 65 88 62 65,	nonsynonymous SNV gene1903_lpxM:gene1903_lpxM:exon1:c.C8A:p.T3K, MG1655
MG1655,	1951927,	C->A,	0.0 100.0 200.0 300.0 400.0 500.0 600.0 700.0 800.0 900.0 1000.0,	2 1 1 2 2 1 2 5 0 1 1,	180 140 119 70 120 135 97 85 92 70 119,	nonsynonymous SNV gene1917_yecE:gene1917_yecE:exon1:c.C533A:p.A178D, MG1655
MG1655,	1951929,	C->A,	0.0 100.0 200.0 300.0 400.0 500.0 600.0 700.0 800.0 900.0 1000.0,	1 0 4 3 2 4 4 5 1 1 3,	183 137 121 70 122 133 103 87 85 71 118,	nonsynonymous SNV gene1917_yecE:gene1917_yecE:exon1:c.C535A:p.Q179K, MG1655
MG1655,	1999621,	A->T,	0.0 100.0 200.0 300.0 400.0 500.0 600.0 700.0 800.0 900.0 1000.0,	0 1 2 0 0 0 0 4 1 0 2,	133 106 101 86 81 130 91 71 89 64 79,	synonymous SNV gene1969_fliY:gene1969_fliY:exon1:c.T765A:p.L255L, MG1655
MG1655,	2007484,	C->A,	0.0 100.0 200.0 300.0 400.0 500.0 600.0 700.0 800.0 900.0 1000.0,	5 3 0 0 3 3 1 1 1 1 1,	102 58 66 54 73 96 78 44 44 67 71,	synonymous SNV gene1976_amyA:gene1976_amyA:exon1:c.C1329A:p.G443G, MG1655
MG1655,	2007485,	G->A,	0.0 100.0 200.0 300.0 400.0 500.0 600.0 700.0 800.0 900.0 1000.0,	2 1 1 0 4 1 1 1 1 2 0,	97 59 73 58 73 102 80 45 44 63 71,	nonsynonymous SNV gene1976_amyA:gene1976_amyA:exon1:c.G1330A:p.E444K, MG1655
MG1655,	2018252,	indel;G+A;G-1,	0.0 100.0 200.0 300.0 400.0 500.0 600.0 700.0 800.0 900.0 1000.0,	0 0 3 4 1 0 2 0 0 0 2,	152 79 119 69 90 129 90 63 88 68 97,	frameshift deletion gene1989_fliJ:gene1989_fliJ:exon1:c.307delG:p.E103fs, MG1655
MG1655,	2023100,	G->T,	0.0 100.0 200.0 300.0 400.0 500.0 600.0 700.0 800.0 900.0 1000.0,	5 2 2 2 4 2 2 1 6 2 3,	167 138 102 84 133 112 105 84 112 89 114,	nonsynonymous SNV gene1997_fliR:gene1997_fliR:exon1:c.G208T:p.A70S, MG1655
MG1655,	2033995,	G->T,	0.0 100.0 200.0 300.0 400.0 500.0 600.0 700.0 800.0 900.0 1000.0,	2 7 10 7 8 5 8 3 6 1 10,	111 222 175 107 147 174 175 109 125 100 130,	upstream;downstream gene2009_yedJ,gene2010_yedR,gene2012_yedS;gene2011_rseX
MG1655,	2033996,	G->T,	0.0 100.0 200.0 300.0 400.0 500.0 600.0 700.0 800.0 900.0 1000.0,	1 5 6 5 8 7 4 3 4 3 10,	102 212 160 103 145 165 172 103 121 95 127,	upstream;downstream gene2009_yedJ,gene2010_yedR,gene2012_yedS;gene2011_rseX
MG1655,	2059414,	C->A,	0.0 100.0 200.0 300.0 400.0 500.0 600.0 700.0 800.0 900.0 1000.0,	8 1 4 2 2 1 2 4 3 1 1,	160 108 108 76 126 112 90 69 101 78 78,	nonsynonymous SNV gene2030_yeeO:gene2030_yeeO:exon1:c.G277T:p.A93S, MG1655
MG1655,	2103546,	C->A,	0.0 100.0 200.0 300.0 400.0 500.0 600.0 700.0 800.0 900.0 1000.0,	2 3 2 1 5 3 6 3 2 5 2,	131 165 143 116 160 144 144 124 104 90 128,	nonsynonymous SNV gene2084_wbbK:gene2084_wbbK:exon1:c.G964T:p.D322Y, MG1655
MG1655,	2122215,	G->T,	0.0 100.0 200.0 300.0 400.0 500.0 600.0 700.0 800.0 900.0 1000.0,	0 3 2 0 5 1 0 2 0 2 0,	143 110 123 83 98 120 101 72 105 81 92,	nonsynonymous SNV gene2100_cpsG:gene2100_cpsG:exon1:c.C765A:p.D255E, MG1655
MG1655,	2127333,	G->T,	0.0 100.0 200.0 300.0 400.0 500.0 600.0 700.0 800.0 900.0 1000.0,	5 1 0 1 1 1 1 2 4 0 0,	122 73 86 53 84 76 77 67 75 72 81,	nonsynonymous SNV gene2105_gmd:gene2105_gmd:exon1:c.C982A:p.H328N, MG1655
MG1655,	2128734,	G->T,	0.0 100.0 200.0 300.0 400.0 500.0 600.0 700.0 800.0 900.0 1000.0,	2 1 1 4 3 1 1 0 0 3 1,	173 118 121 68 138 131 120 99 124 104 116,	nonsynonymous SNV gene2106_wcaF:gene2106_wcaF:exon1:c.C155A:p.A52E, MG1655
MG1655,	2132685,	G->T,	0.0 100.0 200.0 300.0 400.0 500.0 600.0 700.0 800.0 900.0 1000.0,	1 7 3 3 1 3 2 3 1 1 4,	163 130 110 87 124 107 98 126 93 65 111,	nonsynonymous SNV gene2111_wcaA:gene2111_wcaA:exon1:c.C713A:p.A238D, MG1655
MG1655,	2168532,	G->T,	0.0 100.0 200.0 300.0 400.0 500.0 600.0 700.0 800.0 900.0 1000.0,	14 25 8 6 18 10 12 6 5 7 6,	345 352 264 199 255 277 253 173 171 168 225,	upstream gene2140_yegZ,gene2141_yegR,gene2142_yegS
MG1655,	2168533,	A->T,	0.0 100.0 200.0 300.0 400.0 500.0 600.0 700.0 800.0 900.0 1000.0,	10 11 7 2 13 4 4 3 1 1 5,	340 325 262 197 244 267 245 169 164 161 218,	upstream gene2140_yegZ,gene2141_yegR,gene2142_yegS
MG1655,	2170240,	C->A,	0.0 100.0 200.0 300.0 400.0 500.0 600.0 700.0 800.0 900.0 1000.0,	2 0 2 0 0 0 1 1 0 0 0,	55 47 38 21 41 48 50 24 47 34 43,	nonsynonymous SNV gene2144_insE1:gene2144_insE1:exon1:c.C5A:p.T2K, MG1655
MG1655,	2173360,	indel;A-2,	0.0 100.0 200.0 300.0 400.0 500.0 600.0 700.0 800.0 900.0 1000.0,	116 85 85 52 74 70 68 48 80 64 73,	121 92 87 57 81 74 72 53 91 70 77,	frameshift deletion gene2147_gatC:gene2147_gatC:exon2:c.917delT:p.V306fs, MG1655
MG1655,	2181202,	indel;T-1,	0.0 100.0 200.0 300.0 400.0 500.0 600.0 700.0 800.0 900.0 1000.0,	0 0 0 0 2 0 4 1 0 0 0,	133 81 83 47 85 64 75 49 79 59 73,	frameshift deletion gene2155_yegV:gene2155_yegV:exon1:c.107delT:p.L36fs, MG1655
MG1655,	2183313,	C->A,	0.0 100.0 200.0 300.0 400.0 500.0 600.0 700.0 800.0 900.0 1000.0,	0 2 0 1 0 2 0 5 0 0 0,	126 94 92 79 67 91 111 86 83 70 75,	synonymous SNV gene2157_yegX:gene2157_yegX:exon1:c.G339T:p.S113S, MG1655
MG1655,	2183314,	G->A,	0.0 100.0 200.0 300.0 400.0 500.0 600.0 700.0 800.0 900.0 1000.0,	1 2 0 1 0 2 0 4 1 0 1,	124 95 95 79 68 91 113 80 86 70 77,	nonsynonymous SNV gene2157_yegX:gene2157_yegX:exon1:c.C338T:p.S113L, MG1655
MG1655,	2183398,	G->T,	0.0 100.0 200.0 300.0 400.0 500.0 600.0 700.0 800.0 900.0 1000.0,	0 4 0 1 3 1 0 0 0 1 1,	124 80 115 65 86 98 83 73 78 68 84,	nonsynonymous SNV gene2157_yegX:gene2157_yegX:exon1:c.C254A:p.A85E, MG1655
MG1655,	2211617,	C->A,	0.0 100.0 200.0 300.0 400.0 500.0 600.0 700.0 800.0 900.0 1000.0,	3 2 2 3 5 5 5 5 3 1 4,	147 123 98 87 138 129 119 100 104 77 115,	synonymous SNV gene2177_yehR:gene2177_yehR:exon1:c.C393A:p.A131A, MG1655
MG1655,	2218588,	C->T,	0.0 100.0 200.0 300.0 400.0 500.0 600.0 700.0 800.0 900.0 1000.0,	0 0 2 0 2 2 0 1 2 3 1,	101 74 77 45 69 89 63 72 63 53 78,	synonymous SNV gene2186_osmF:gene2186_osmF:exon1:c.G894A:p.L298L, MG1655
MG1655,	2231119,	T->C,	0.0 100.0 200.0 300.0 400.0 500.0 600.0 700.0 800.0 900.0 1000.0,	244 170 160 102 147 171 143 117 135 127 147,	244 170 160 102 147 171 143 117 135 127 147,	nonsynonymous SNV gene2197_yohK:gene2197_yohK:exon1:c.T101C:p.L34S, MG1655
MG1655,	2234581,	T->A,	0.0 100.0 200.0 300.0 400.0 500.0 600.0 700.0 800.0 900.0 1000.0,	0 6 1 0 0 1 0 0 2 0 1,	139 116 123 71 96 97 120 80 108 66 79,	synonymous SNV gene2201_preT:gene2201_preT:exon1:c.T549A:p.R183R, MG1655
MG1655,	2238748,	G->T,	0.0 100.0 200.0 300.0 400.0 500.0 600.0 700.0 800.0 900.0 1000.0,	4 4 8 1 6 5 8 3 5 4 4,	198 203 197 105 173 197 160 105 143 107 146,	nonsynonymous SNV gene2204_mglA:gene2204_mglA:exon1:c.C542A:p.T181N, MG1655
MG1655,	2268466,	T->A,	0.0 100.0 200.0 300.0 400.0 500.0 600.0 700.0 800.0 900.0 1000.0,	0 0 6 0 0 3 1 0 1 0 2,	126 92 100 66 94 96 77 65 98 65 95,	nonsynonymous SNV gene2229_yeiR:gene2229_yeiR:exon1:c.T638A:p.V213E, MG1655
MG1655,	2268467,	G->A,	0.0 100.0 200.0 300.0 400.0 500.0 600.0 700.0 800.0 900.0 1000.0,	0 0 6 0 2 3 2 0 2 0 2,	130 94 106 69 97 98 77 63 101 68 100,	synonymous SNV gene2229_yeiR:gene2229_yeiR:exon1:c.G639A:p.V213V, MG1655
MG1655,	2291765,	G->T,	0.0 100.0 200.0 300.0 400.0 500.0 600.0 700.0 800.0 900.0 1000.0,	0 2 2 5 4 4 3 3 2 0 4,	177 138 124 95 143 137 126 104 135 86 137,	nonsynonymous SNV gene2249_ccmH:gene2249_ccmH:exon1:c.C646A:p.Q216K, MG1655
MG1655,	2294332,	G->T,	0.0 100.0 200.0 300.0 400.0 500.0 600.0 700.0 800.0 900.0 1000.0,	1 1 2 0 2 1 0 2 5 2 2,	169 124 91 48 101 90 73 71 89 88 95,	synonymous SNV gene2251_ccmF:gene2251_ccmF:exon1:c.C573A:p.A191A, MG1655
MG1655,	2294343,	A->C,	0.0 100.0 200.0 300.0 400.0 500.0 600.0 700.0 800.0 900.0 1000.0,	2 0 2 1 2 1 1 1 5 3 0,	159 119 92 46 92 76 69 63 79 84 87,	nonsynonymous SNV gene2251_ccmF:gene2251_ccmF:exon1:c.T562G:p.F188V, MG1655
MG1655,	2300878,	G->T,	0.0 100.0 200.0 300.0 400.0 500.0 600.0 700.0 800.0 900.0 1000.0,	1 0 4 3 0 1 3 0 1 1 5,	167 134 145 76 101 127 103 76 103 85 97,	nonsynonymous SNV gene2261_napA:gene2261_napA:exon1:c.C1876A:p.Q626K, MG1655
MG1655,	2303898,	C->A,	0.0 100.0 200.0 300.0 400.0 500.0 600.0 700.0 800.0 900.0 1000.0,	2 0 4 5 4 6 6 1 0 3 1,	161 128 136 87 122 153 118 104 110 106 104,	upstream gene2262_napD,gene2263_napF,gene2264_eco
MG1655,	2304649,	C->T,	0.0 100.0 200.0 300.0 400.0 500.0 600.0 700.0 800.0 900.0 1000.0,	0 2 2 0 5 2 0 1 3 3 7,	37 32 37 17 28 35 24 15 26 21 26,	downstream gene2264_eco,gene2265_mqo
MG1655,	2356422,	T->A,	0.0 100.0 200.0 300.0 400.0 500.0 600.0 700.0 800.0 900.0 1000.0,	2 2 2 4 3 2 1 4 4 1 4,	142 142 109 80 111 125 107 75 116 90 104,	nonsynonymous SNV gene2298_glpC:gene2298_glpC:exon1:c.T902A:p.M301K, MG1655
MG1655,	2361535,	A->T,	0.0 100.0 200.0 300.0 400.0 500.0 600.0 700.0 800.0 900.0 1000.0,	4 2 2 1 6 6 4 1 5 7 2,	201 117 109 77 112 117 95 81 97 84 100,	nonsynonymous SNV gene2304_rhmR:gene2304_rhmR:exon1:c.T677A:p.I226N, MG1655
MG1655,	2361539,	G->T,	0.0 100.0 200.0 300.0 400.0 500.0 600.0 700.0 800.0 900.0 1000.0,	5 3 1 0 6 5 3 3 2 2 1,	206 112 106 72 109 121 87 89 96 78 102,	nonsynonymous SNV gene2304_rhmR:gene2304_rhmR:exon1:c.C673A:p.Q225K, MG1655
MG1655,	2361546,	G->T,	0.0 100.0 200.0 300.0 400.0 500.0 600.0 700.0 800.0 900.0 1000.0,	3 1 2 2 5 5 3 2 2 1 5,	194 106 105 72 106 132 93 86 91 76 98,	synonymous SNV gene2304_rhmR:gene2304_rhmR:exon1:c.C666A:p.T222T, MG1655
MG1655,	2364348,	C->A,	0.0 100.0 200.0 300.0 400.0 500.0 600.0 700.0 800.0 900.0 1000.0,	3 2 2 3 6 7 3 2 3 2 2,	131 152 134 85 142 102 129 89 127 85 114,	upstream;downstream gene2305_yfaY,gene2306_yfaZ,gene2307_nudI;gene2308_ais
MG1655,	2364352,	G->A,	0.0 100.0 200.0 300.0 400.0 500.0 600.0 700.0 800.0 900.0 1000.0,	3 4 3 5 3 5 4 4 3 2 2,	123 159 128 82 131 98 125 88 126 71 104,	upstream;downstream gene2305_yfaY,gene2306_yfaZ,gene2307_nudI;gene2308_ais
MG1655,	2364355,	C->A,	0.0 100.0 200.0 300.0 400.0 500.0 600.0 700.0 800.0 900.0 1000.0,	5 5 5 3 3 6 3 3 3 1 1,	125 152 120 74 127 94 115 85 122 67 105,	upstream;downstream gene2305_yfaY,gene2306_yfaZ,gene2307_nudI;gene2308_ais
MG1655,	2364356,	G->A,	0.0 100.0 200.0 300.0 400.0 500.0 600.0 700.0 800.0 900.0 1000.0,	4 6 4 3 5 8 5 3 5 2 0,	124 162 131 79 129 106 128 88 130 68 108,	upstream;downstream gene2305_yfaY,gene2306_yfaZ,gene2307_nudI;gene2308_ais
MG1655,	2375483,	A->T,	0.0 100.0 200.0 300.0 400.0 500.0 600.0 700.0 800.0 900.0 1000.0,	2 0 0 3 3 1 0 0 3 1 1,	107 82 69 57 88 87 96 64 94 68 72,	synonymous SNV gene2318_menC:gene2318_menC:exon1:c.T480A:p.L160L, MG1655
MG1655,	2375484,	A->T,	0.0 100.0 200.0 300.0 400.0 500.0 600.0 700.0 800.0 900.0 1000.0,	2 0 0 3 3 1 0 0 2 1 0,	107 82 72 56 87 85 97 64 91 70 70,	nonsynonymous SNV gene2318_menC:gene2318_menC:exon1:c.T479A:p.L160H, MG1655
MG1655,	2394770,	T->C,	0.0 100.0 200.0 300.0 400.0 500.0 600.0 700.0 800.0 900.0 1000.0,	1 2 1 2 1 5 1 2 3 0 0,	144 99 95 83 107 99 112 76 86 87 120,	nonsynonymous SNV gene2335_nuoL:gene2335_nuoL:exon1:c.A277G:p.T93A, MG1655
MG1655,	2408883,	G->T,	0.0 100.0 200.0 300.0 400.0 500.0 600.0 700.0 800.0 900.0 1000.0,	6 8 7 5 8 6 7 3 8 6 7,	165 138 135 94 136 121 113 113 142 116 116,	nonsynonymous SNV gene2348_yfbR:gene2348_yfbR:exon1:c.G22T:p.A8S, MG1655
MG1655,	2408885,	C->T,	0.0 100.0 200.0 300.0 400.0 500.0 600.0 700.0 800.0 900.0 1000.0,	2 4 2 4 6 7 4 2 4 2 3,	163 135 128 96 137 121 111 109 146 110 117,	synonymous SNV gene2348_yfbR:gene2348_yfbR:exon1:c.C24T:p.A8A, MG1655
MG1655,	2408887,	A->T,	0.0 100.0 200.0 300.0 400.0 500.0 600.0 700.0 800.0 900.0 1000.0,	2 4 5 5 4 2 2 0 3 2 2,	167 131 137 89 144 120 108 110 141 105 112,	nonsynonymous SNV gene2348_yfbR:gene2348_yfbR:exon1:c.A26T:p.H9L, MG1655
MG1655,	2445500,	C->A,	0.0 100.0 200.0 300.0 400.0 500.0 600.0 700.0 800.0 900.0 1000.0,	3 0 1 3 1 3 0 0 2 2 7,	162 94 126 90 108 138 120 92 105 84 136,	nonsynonymous SNV gene2384_yfcA:gene2384_yfcA:exon1:c.G61T:p.V21F, MG1655
MG1655,	2457381,	G->T,	0.0 100.0 200.0 300.0 400.0 500.0 600.0 700.0 800.0 900.0 1000.0,	1 5 1 2 0 3 0 2 1 5 0,	147 130 116 48 85 111 111 80 108 84 116,	nonsynonymous SNV gene2397_fadJ:gene2397_fadJ:exon1:c.C1779A:p.S593R, MG1655
MG1655,	2457387,	A->T,	0.0 100.0 200.0 300.0 400.0 500.0 600.0 700.0 800.0 900.0 1000.0,	1 2 0 1 2 1 0 1 1 4 0,	131 118 107 43 79 96 105 74 92 79 102,	synonymous SNV gene2397_fadJ:gene2397_fadJ:exon1:c.T1773A:p.R591R, MG1655
MG1655,	2457389,	G->T,	0.0 100.0 200.0 300.0 400.0 500.0 600.0 700.0 800.0 900.0 1000.0,	1 2 0 2 0 2 0 0 2 4 0,	127 111 90 42 75 91 100 60 77 65 84,	nonsynonymous SNV gene2397_fadJ:gene2397_fadJ:exon1:c.C1771A:p.R591S, MG1655
MG1655,	2462880,	indel;T-1;T-2;T+C;T+CC,	0.0 100.0 200.0 300.0 400.0 500.0 600.0 700.0 800.0 900.0 1000.0,	16 9 10 5 20 6 5 4 9 8 17,	307 236 241 153 199 213 200 169 177 148 191,	upstream;downstream gene2401_yfdF;gene2400_fadL
MG1655,	2469734,	G->T,	0.0 100.0 200.0 300.0 400.0 500.0 600.0 700.0 800.0 900.0 1000.0,	4 7 5 7 7 9 4 9 5 4 1,	123 222 209 130 187 191 180 138 151 127 156,	nonsynonymous SNV gene2408_gtrS:gene2408_gtrS:exon1:c.G604T:p.D202Y, MG1655
MG1655,	2473884,	T->G,	0.0 100.0 200.0 300.0 400.0 500.0 600.0 700.0 800.0 900.0 1000.0,	0 4 3 4 3 1 2 1 3 0 1,	227 151 121 77 139 138 104 95 123 79 140,	nonsynonymous SNV gene2415_yfdP:gene2415_yfdP:exon1:c.T281G:p.L94R, MG1655
MG1655,	2510880,	C->A,	0.0 100.0 200.0 300.0 400.0 500.0 600.0 700.0 800.0 900.0 1000.0,	4 6 7 0 0 3 1 2 0 6 1,	236 183 178 101 147 181 158 123 149 106 119,	nonsynonymous SNV gene2449_yfeO:gene2449_yfeO:exon1:c.C1251A:p.N417K, MG1655
MG1655,	2510887,	C->A,	0.0 100.0 200.0 300.0 400.0 500.0 600.0 700.0 800.0 900.0 1000.0,	5 10 8 1 2 6 2 4 1 4 3,	215 176 173 97 136 170 149 109 135 98 112,	upstream;downstream gene2450_ypeC;gene2449_yfeO,gene2451_mntH
MG1655,	2512259,	G->T,	0.0 100.0 200.0 300.0 400.0 500.0 600.0 700.0 800.0 900.0 1000.0,	3 0 4 4 3 3 3 1 1 1 3,	139 90 99 75 79 105 93 74 109 76 89,	nonsynonymous SNV gene2451_mntH:gene2451_mntH:exon1:c.C448A:p.Q150K, MG1655
MG1655,	2512263,	G->T,	0.0 100.0 200.0 300.0 400.0 500.0 600.0 700.0 800.0 900.0 1000.0,	3 0 3 6 0 2 0 1 0 0 2,	138 91 87 74 79 102 87 75 101 73 88,	synonymous SNV gene2451_mntH:gene2451_mntH:exon1:c.C444A:p.R148R, MG1655
MG1655,	2545234,	G->T,	0.0 100.0 200.0 300.0 400.0 500.0 600.0 700.0 800.0 900.0 1000.0,	0 4 2 0 2 3 2 0 4 6 4,	134 98 104 71 127 108 120 80 105 69 106,	nonsynonymous SNV gene2487_murR:gene2487_murR:exon1:c.C376A:p.Q126K, MG1655
MG1655,	2545236,	A->T,	0.0 100.0 200.0 300.0 400.0 500.0 600.0 700.0 800.0 900.0 1000.0,	0 2 1 1 0 2 1 0 2 5 0,	134 99 101 69 124 103 118 79 104 71 101,	nonsynonymous SNV gene2487_murR:gene2487_murR:exon1:c.T374A:p.L125Q, MG1655
MG1655,	2545237,	G->T,	0.0 100.0 200.0 300.0 400.0 500.0 600.0 700.0 800.0 900.0 1000.0,	0 2 1 1 0 2 1 0 1 5 1,	135 96 103 69 126 104 121 74 104 70 103,	nonsynonymous SNV gene2487_murR:gene2487_murR:exon1:c.C373A:p.L125M, MG1655
MG1655,	2545238,	C->T,	0.0 100.0 200.0 300.0 400.0 500.0 600.0 700.0 800.0 900.0 1000.0,	0 2 2 0 0 1 1 0 2 4 0,	137 98 103 72 124 110 127 80 107 70 106,	synonymous SNV gene2487_murR:gene2487_murR:exon1:c.G372A:p.R124R, MG1655
MG1655,	2545239,	C->T,	0.0 100.0 200.0 300.0 400.0 500.0 600.0 700.0 800.0 900.0 1000.0,	0 2 0 0 0 3 1 0 3 4 1,	138 102 99 73 124 110 123 78 104 73 103,	nonsynonymous SNV gene2487_murR:gene2487_murR:exon1:c.G371A:p.R124Q, MG1655
MG1655,	2545240,	G->T,	0.0 100.0 200.0 300.0 400.0 500.0 600.0 700.0 800.0 900.0 1000.0,	0 3 0 0 0 1 1 0 3 4 1,	139 101 98 75 123 106 124 77 108 71 101,	synonymous SNV gene2487_murR:gene2487_murR:exon1:c.C370A:p.R124R, MG1655
MG1655,	2545242,	G->T,	0.0 100.0 200.0 300.0 400.0 500.0 600.0 700.0 800.0 900.0 1000.0,	0 2 1 1 0 1 1 0 1 4 1,	146 103 106 79 122 111 125 85 103 75 105,	nonsynonymous SNV gene2487_murR:gene2487_murR:exon1:c.C368A:p.A123E, MG1655
MG1655,	2572663,	T->G,	0.0 100.0 200.0 300.0 400.0 500.0 600.0 700.0 800.0 900.0 1000.0,	1 3 0 0 1 1 2 0 0 0 0,	93 57 53 45 53 63 70 50 64 50 65,	nonsynonymous SNV gene2518_eutD:gene2518_eutD:exon1:c.A843C:p.Q281H, MG1655
MG1655,	2582739,	C->A,	0.0 100.0 200.0 300.0 400.0 500.0 600.0 700.0 800.0 900.0 1000.0,	2 2 3 4 3 3 1 0 3 1 2,	116 84 109 69 87 104 119 86 101 68 88,	nonsynonymous SNV gene2526_ypfG:gene2526_ypfG:exon1:c.G39T:p.L13F, MG1655
MG1655,	2587628,	G->T,	0.0 100.0 200.0 300.0 400.0 500.0 600.0 700.0 800.0 900.0 1000.0,	1 3 1 5 1 6 7 2 1 4 5,	180 148 141 93 124 156 137 106 124 92 137,	nonsynonymous SNV gene2530_acrD:gene2530_acrD:exon1:c.G34T:p.A12S, MG1655
MG1655,	2587632,	G->T,	0.0 100.0 200.0 300.0 400.0 500.0 600.0 700.0 800.0 900.0 1000.0,	1 3 1 3 1 3 9 2 0 2 3,	172 149 143 93 127 152 130 103 117 97 133,	nonsynonymous SNV gene2530_acrD:gene2530_acrD:exon1:c.G38T:p.W13L, MG1655
MG1655,	2634152,	G->T,	0.0 100.0 200.0 300.0 400.0 500.0 600.0 700.0 800.0 900.0 1000.0,	16 11 13 4 6 11 5 11 6 3 14,	270 198 191 99 178 184 176 152 194 106 188,	upstream gene2570_guaB,gene2571_xseA
MG1655,	2634161,	G->T,	0.0 100.0 200.0 300.0 400.0 500.0 600.0 700.0 800.0 900.0 1000.0,	6 1 7 2 2 1 3 8 1 4 7,	269 191 190 102 175 179 179 147 178 109 190,	upstream gene2570_guaB,gene2571_xseA
MG1655,	2647008,	A->T,	0.0 100.0 200.0 300.0 400.0 500.0 600.0 700.0 800.0 900.0 1000.0,	0 1 4 4 2 1 4 9 5 3 2,	175 115 116 62 117 91 112 89 94 101 82,	nonsynonymous SNV gene2581_pbpC:gene2581_pbpC:exon1:c.T318A:p.D106E, MG1655
MG1655,	2647014,	C->T,	0.0 100.0 200.0 300.0 400.0 500.0 600.0 700.0 800.0 900.0 1000.0,	1 0 1 1 0 0 5 5 2 5 3,	197 127 110 71 115 100 119 89 103 115 97,	stopgain gene2581_pbpC:gene2581_pbpC:exon1:c.G312A:p.W104X, MG1655
MG1655,	2647015,	C->A,	0.0 100.0 200.0 300.0 400.0 500.0 600.0 700.0 800.0 900.0 1000.0,	0 2 1 1 0 2 5 7 4 3 2,	199 134 122 70 119 108 123 91 106 112 94,	nonsynonymous SNV gene2581_pbpC:gene2581_pbpC:exon1:c.G311T:p.W104L, MG1655
MG1655,	2647023,	indel;G-1,	0.0 100.0 200.0 300.0 400.0 500.0 600.0 700.0 800.0 900.0 1000.0,	0 0 2 4 2 3 3 6 3 3 2,	205 137 136 79 121 115 128 104 113 117 102,	frameshift deletion gene2581_pbpC:gene2581_pbpC:exon1:c.303delC:p.R101fs, MG1655
MG1655,	2652477,	C->A,	0.0 100.0 200.0 300.0 400.0 500.0 600.0 700.0 800.0 900.0 1000.0,	3 3 3 3 0 3 1 3 0 0 6,	152 136 132 76 123 108 131 97 117 83 99,	upstream gene2582_yfhM,gene2583_sseA
MG1655,	2666568,	G->T,	0.0 100.0 200.0 300.0 400.0 500.0 600.0 700.0 800.0 900.0 1000.0,	0 0 0 2 2 2 0 1 9 4 4,	246 205 203 121 141 201 188 154 180 165 185,	nonsynonymous SNV gene2598_csiE:gene2598_csiE:exon1:c.G1134T:p.L378F, MG1655
MG1655,	2669492,	G->T,	0.0 100.0 200.0 300.0 400.0 500.0 600.0 700.0 800.0 900.0 1000.0,	0 2 0 6 1 1 1 0 0 2 1,	211 179 152 109 140 135 146 113 135 111 161,	nonsynonymous SNV gene2602_hcaE:gene2602_hcaE:exon1:c.G461T:p.G154V, MG1655
MG1655,	2677135,	A->T,	0.0 100.0 200.0 300.0 400.0 500.0 600.0 700.0 800.0 900.0 1000.0,	2 1 4 0 0 3 1 0 0 0 0,	120 78 73 43 72 72 89 43 97 39 97,	nonsynonymous SNV gene2611_yphE:gene2611_yphE:exon1:c.T1227A:p.N409K, MG1655
MG1655,	2730930,	T->C,	0.0 100.0 200.0 300.0 400.0 500.0 600.0 700.0 800.0 900.0 1000.0,	237 155 148 92 144 150 158 85 125 105 137,	238 155 148 92 144 150 158 85 128 105 137,	ncRNA_exonic gene2658_rrsG
MG1655,	2751942,	G->C,	0.0 100.0 200.0 300.0 400.0 500.0 600.0 700.0 800.0 900.0 1000.0,	8 6 0 1 3 4 5 6 2 2 6,	140 93 78 45 86 76 98 59 73 60 88,	nonsynonymous SNV gene2682_recN:gene2682_recN:exon1:c.G148C:p.A50P, MG1655
MG1655,	2751943,	C->G,	0.0 100.0 200.0 300.0 400.0 500.0 600.0 700.0 800.0 900.0 1000.0,	9 5 4 1 1 5 6 5 2 1 6,	136 93 81 46 83 78 97 60 74 58 88,	nonsynonymous SNV gene2682_recN:gene2682_recN:exon1:c.C149G:p.A50G, MG1655
MG1655,	2751945,	G->A,	0.0 100.0 200.0 300.0 400.0 500.0 600.0 700.0 800.0 900.0 1000.0,	6 4 1 2 3 4 6 6 3 0 3,	139 100 80 47 87 81 106 68 79 56 92,	nonsynonymous SNV gene2682_recN:gene2682_recN:exon1:c.G151A:p.E51K, MG1655
MG1655,	2751947,	A->C,	0.0 100.0 200.0 300.0 400.0 500.0 600.0 700.0 800.0 900.0 1000.0,	4 4 3 2 3 3 4 4 1 1 5,	140 102 81 48 84 78 103 65 76 57 91,	nonsynonymous SNV gene2682_recN:gene2682_recN:exon1:c.A153C:p.E51D, MG1655
MG1655,	2751948,	G->A,	0.0 100.0 200.0 300.0 400.0 500.0 600.0 700.0 800.0 900.0 1000.0,	5 5 1 2 1 3 4 4 2 3 3,	145 104 79 53 90 81 105 67 78 64 93,	nonsynonymous SNV gene2682_recN:gene2682_recN:exon1:c.G154A:p.A52T, MG1655
MG1655,	2751949,	C->T,	0.0 100.0 200.0 300.0 400.0 500.0 600.0 700.0 800.0 900.0 1000.0,	6 5 3 2 1 5 4 4 2 2 3,	143 101 82 53 83 82 105 65 79 57 94,	nonsynonymous SNV gene2682_recN:gene2682_recN:exon1:c.C155T:p.A52V, MG1655
MG1655,	2751950,	C->T,	0.0 100.0 200.0 300.0 400.0 500.0 600.0 700.0 800.0 900.0 1000.0,	2 6 1 1 1 2 3 3 1 0 4,	141 99 81 48 90 78 103 63 78 56 92,	synonymous SNV gene2682_recN:gene2682_recN:exon1:c.C156T:p.A52A, MG1655
MG1655,	2751951,	G->A,	0.0 100.0 200.0 300.0 400.0 500.0 600.0 700.0 800.0 900.0 1000.0,	5 3 0 1 3 3 3 5 0 0 5,	144 99 79 50 89 79 105 68 77 57 95,	nonsynonymous SNV gene2682_recN:gene2682_recN:exon1:c.G157A:p.D53N, MG1655
MG1655,	2751956,	G->A,	0.0 100.0 200.0 300.0 400.0 500.0 600.0 700.0 800.0 900.0 1000.0,	3 3 2 0 2 6 2 5 0 2 3,	142 100 77 50 89 92 98 66 74 59 97,	nonsynonymous SNV gene2682_recN:gene2682_recN:exon1:c.G162A:p.M54I, MG1655
MG1655,	2751957,	G->A,	0.0 100.0 200.0 300.0 400.0 500.0 600.0 700.0 800.0 900.0 1000.0,	6 5 1 0 2 3 3 4 3 1 3,	146 109 82 52 90 91 106 67 86 66 97,	nonsynonymous SNV gene2682_recN:gene2682_recN:exon1:c.G163A:p.V55M, MG1655
MG1655,	2801056,	A->T,	0.0 100.0 200.0 300.0 400.0 500.0 600.0 700.0 800.0 900.0 1000.0,	1 1 5 0 8 6 5 3 3 3 5,	194 131 138 104 152 127 118 111 128 89 162,	nonsynonymous SNV gene2734_nrdI:gene2734_nrdI:exon1:c.A92T:p.N31I, MG1655
MG1655,	2804745,	G->A,	0.0 100.0 200.0 300.0 400.0 500.0 600.0 700.0 800.0 900.0 1000.0,	4 2 5 6 2 1 5 0 0 1 5,	262 218 167 120 179 189 183 141 204 116 185,	upstream;downstream gene2737_proV;gene2736_nrdF
MG1655,	2831704,	G->T,	0.0 100.0 200.0 300.0 400.0 500.0 600.0 700.0 800.0 900.0 1000.0,	0 0 0 0 1 3 2 5 0 0 0,	151 108 86 66 93 113 103 100 130 99 133,	nonsynonymous SNV gene2769_norR:gene2769_norR:exon1:c.C586A:p.Q196K, MG1655
MG1655,	2867724,	G->T,	0.0 100.0 200.0 300.0 400.0 500.0 600.0 700.0 800.0 900.0 1000.0,	1 3 2 1 1 1 0 6 4 0 2,	178 154 153 100 140 174 154 102 174 112 128,	nonsynonymous SNV gene2802_nlpD:gene2802_nlpD:exon1:c.C1030A:p.Q344K, MG1655
MG1655,	2900297,	C->A,	0.0 100.0 200.0 300.0 400.0 500.0 600.0 700.0 800.0 900.0 1000.0,	1 1 3 0 4 4 4 1 1 5 4,	114 83 113 50 116 89 107 101 114 89 101,	upstream gene2833_ygcU,gene2834_ygcW,gene2835_yqcE
MG1655,	2900297,	indel;C+AA;C+A;C-2;C-1,	0.0 100.0 200.0 300.0 400.0 500.0 600.0 700.0 800.0 900.0 1000.0,	0 5 4 0 0 0 4 5 5 3 3,	112 83 111 50 113 87 107 101 114 89 100,	upstream gene2833_ygcU,gene2834_ygcW,gene2835_yqcE
MG1655,	2947714,	G->T,	0.0 100.0 200.0 300.0 400.0 500.0 600.0 700.0 800.0 900.0 1000.0,	0 1 1 4 2 3 3 2 4 0 4,	97 72 72 54 94 89 98 69 104 58 101,	upstream;downstream gene2876_mltA;gene2877_metZ,gene2878_metW,gene2879_metV,gene2880_amiC
MG1655,	2947720,	G->T,	0.0 100.0 200.0 300.0 400.0 500.0 600.0 700.0 800.0 900.0 1000.0,	2 0 3 3 3 2 2 1 2 0 4,	95 75 73 51 95 95 95 73 104 62 95,	upstream;downstream gene2876_mltA;gene2877_metZ,gene2878_metW,gene2879_metV,gene2880_amiC
MG1655,	3038135,	G->T,	0.0 100.0 200.0 300.0 400.0 500.0 600.0 700.0 800.0 900.0 1000.0,	1 6 2 1 2 1 3 2 2 3 3,	133 94 95 50 116 125 116 99 121 83 104,	nonsynonymous SNV gene2956_dsbC:gene2956_dsbC:exon1:c.C688A:p.Q230K, MG1655
MG1655,	3054862,	G->T,	0.0 100.0 200.0 300.0 400.0 500.0 600.0 700.0 800.0 900.0 1000.0,	5 1 2 4 7 1 6 5 3 3 4,	172 113 129 84 115 113 148 123 162 88 163,	upstream;downstream gene2971_pepP,gene2973_zapA;gene2972_ygfB
MG1655,	3054868,	A->T,	0.0 100.0 200.0 300.0 400.0 500.0 600.0 700.0 800.0 900.0 1000.0,	5 2 2 5 7 0 4 6 4 1 3,	183 127 125 94 135 130 152 137 167 91 173,	stoploss gene2972_ygfB:gene2972_ygfB:exon1:c.T577A:p.X193K, MG1655
MG1655,	3054869,	G->T,	0.0 100.0 200.0 300.0 400.0 500.0 600.0 700.0 800.0 900.0 1000.0,	4 2 1 5 4 0 3 4 3 1 3,	188 134 137 100 139 125 157 138 173 106 180,	nonsynonymous SNV gene2972_ygfB:gene2972_ygfB:exon1:c.C576A:p.H192Q, MG1655
MG1655,	3060773,	G->T,	0.0 100.0 200.0 300.0 400.0 500.0 600.0 700.0 800.0 900.0 1000.0,	3 1 0 3 6 1 1 0 1 0 3,	157 140 127 61 115 89 105 96 129 76 128,	upstream;downstream gene2982_scpA;gene2981_argP
MG1655,	3086517,	G->A,	0.0 100.0 200.0 300.0 400.0 500.0 600.0 700.0 800.0 900.0 1000.0,	1 2 1 4 5 3 3 3 5 4 2,	123 139 110 80 142 105 142 107 164 93 128,	upstream;downstream gene3002_speA,gene3003_yqgB,gene3005_metK;gene3004_yqgC
MG1655,	3086521,	C->A,	0.0 100.0 200.0 300.0 400.0 500.0 600.0 700.0 800.0 900.0 1000.0,	3 6 5 1 9 5 6 5 5 4 5,	125 138 116 74 140 99 139 101 152 88 126,	upstream;downstream gene3002_speA,gene3003_yqgB,gene3005_metK;gene3004_yqgC
MG1655,	3104492,	C->A,	0.0 100.0 200.0 300.0 400.0 500.0 600.0 700.0 800.0 900.0 1000.0,	0 2 2 1 2 4 2 3 2 6 1,	218 166 169 102 179 148 164 133 164 115 165,	synonymous SNV gene3026_mltC:gene3026_mltC:exon1:c.C60A:p.T20T, MG1655
MG1655,	3125413,	indel;A-2,	0.0 100.0 200.0 300.0 400.0 500.0 600.0 700.0 800.0 900.0 1000.0,	0 0 5 2 2 3 2 4 1 1 0,	136 116 111 71 115 116 120 65 102 73 116,	frameshift deletion gene3040_glcF:gene3040_glcF:exon1:c.47delT:p.L16fs, MG1655
MG1655,	3154198,	indel;T-1;T+A,	0.0 100.0 200.0 300.0 400.0 500.0 600.0 700.0 800.0 900.0 1000.0,	4 3 5 3 6 3 6 7 3 3 2,	124 135 110 87 116 133 129 133 143 82 143,	frameshift substitution gene3069_yghB:gene3069_yghB:exon1:c.636_636delinsTA, MG1655
MG1655,	3172130,	C->A,	0.0 100.0 200.0 300.0 400.0 500.0 600.0 700.0 800.0 900.0 1000.0,	3 11 13 5 6 8 13 8 8 10 7,	321 351 269 181 274 260 353 234 278 198 254,	nonsynonymous SNV gene3086_ygiZ:gene3086_ygiZ:exon1:c.G82T:p.A28S, MG1655
MG1655,	3214632,	A->T,	0.0 100.0 200.0 300.0 400.0 500.0 600.0 700.0 800.0 900.0 1000.0,	1 2 1 0 4 0 2 0 3 2 2,	128 91 82 40 76 84 97 74 96 59 101,	nonsynonymous SNV gene3129_rpoD:gene3129_rpoD:exon1:c.A1586T:p.E529V, MG1655
MG1655,	3214640,	C->A,	0.0 100.0 200.0 300.0 400.0 500.0 600.0 700.0 800.0 900.0 1000.0,	0 1 0 1 4 1 3 1 4 3 2,	124 86 69 48 71 86 83 71 89 61 87,	nonsynonymous SNV gene3129_rpoD:gene3129_rpoD:exon1:c.C1594A:p.L532M, MG1655
MG1655,	3214641,	T->A,	0.0 100.0 200.0 300.0 400.0 500.0 600.0 700.0 800.0 900.0 1000.0,	1 0 1 0 4 2 2 0 3 2 1,	125 86 75 50 73 89 85 70 88 59 88,	nonsynonymous SNV gene3129_rpoD:gene3129_rpoD:exon1:c.T1595A:p.L532Q, MG1655
MG1655,	3214648,	T->G,	0.0 100.0 200.0 300.0 400.0 500.0 600.0 700.0 800.0 900.0 1000.0,	2 4 5 3 6 4 5 1 7 4 5,	117 96 76 47 77 92 97 73 92 60 92,	synonymous SNV gene3129_rpoD:gene3129_rpoD:exon1:c.T1602G:p.S534S, MG1655
MG1655,	3214660,	A->G,	0.0 100.0 200.0 300.0 400.0 500.0 600.0 700.0 800.0 900.0 1000.0,	5 5 9 5 15 7 10 2 16 9 10,	134 87 81 57 98 93 101 76 111 73 103,	synonymous SNV gene3129_rpoD:gene3129_rpoD:exon1:c.A1614G:p.E538E, MG1655
MG1655,	3252299,	C->A,	0.0 100.0 200.0 300.0 400.0 500.0 600.0 700.0 800.0 900.0 1000.0,	1 4 0 1 9 6 11 3 4 3 4,	207 188 205 134 193 176 194 167 223 134 182,	upstream;downstream gene3165_yhaH,gene3166_yhaI;gene3164_yqjG
MG1655,	3258232,	C->A,	0.0 100.0 200.0 300.0 400.0 500.0 600.0 700.0 800.0 900.0 1000.0,	0 4 3 2 3 2 1 2 2 6 1,	133 112 126 66 121 125 143 124 133 94 136,	upstream;downstream gene3171_yhaO;gene3172_tdcG
MG1655,	3258234,	C->A,	0.0 100.0 200.0 300.0 400.0 500.0 600.0 700.0 800.0 900.0 1000.0,	1 6 4 4 2 4 1 2 4 5 1,	146 123 125 72 124 132 147 125 136 100 149,	upstream;downstream gene3171_yhaO;gene3172_tdcG
MG1655,	3284787,	A->T,	0.0 100.0 200.0 300.0 400.0 500.0 600.0 700.0 800.0 900.0 1000.0,	1 0 2 4 1 2 1 0 0 1 2,	193 149 144 69 149 135 161 126 145 116 131,	nonsynonymous SNV gene3198_agaC:gene3198_agaC:exon1:c.A103T:p.I35F, MG1655
MG1655,	3297565,	G->T,	0.0 100.0 200.0 300.0 400.0 500.0 600.0 700.0 800.0 900.0 1000.0,	1 4 2 3 1 1 2 0 0 0 1,	113 73 88 46 90 87 97 81 94 64 98,	nonsynonymous SNV gene3210_yraQ:gene3210_yraQ:exon1:c.C574A:p.Q192K, MG1655
MG1655,	3308908,	C->A,	0.0 100.0 200.0 300.0 400.0 500.0 600.0 700.0 800.0 900.0 1000.0,	2 2 2 1 6 1 1 5 2 0 0,	172 113 107 81 155 132 127 98 152 92 167,	nonsynonymous SNV gene3223_nlpI:gene3223_nlpI:exon1:c.G17T:p.R6L, MG1655
MG1655,	3313133,	G->T,	0.0 100.0 200.0 300.0 400.0 500.0 600.0 700.0 800.0 900.0 1000.0,	1 0 3 1 1 4 1 3 2 4 1,	130 98 120 64 133 139 127 101 126 71 133,	nonsynonymous SNV gene3228_rbfA:gene3228_rbfA:exon1:c.C46A:p.Q16K, MG1655
MG1655,	3321117,	G->T,	0.0 100.0 200.0 300.0 400.0 500.0 600.0 700.0 800.0 900.0 1000.0,	7 6 7 3 6 8 12 6 13 10 14,	252 250 226 146 277 243 288 206 268 171 229,	nonsynonymous SNV gene3234_yhbX:gene3234_yhbX:exon1:c.C497A:p.A166E, MG1655
MG1655,	3321232,	C->A,	0.0 100.0 200.0 300.0 400.0 500.0 600.0 700.0 800.0 900.0 1000.0,	3 2 2 3 3 11 2 2 3 3 2,	182 212 220 154 212 209 263 184 230 152 189,	nonsynonymous SNV gene3234_yhbX:gene3234_yhbX:exon1:c.G382T:p.A128S, MG1655
MG1655,	3378853,	G->T,	0.0 100.0 200.0 300.0 400.0 500.0 600.0 700.0 800.0 900.0 1000.0,	13 12 9 2 17 7 2 3 6 2 12,	157 153 140 106 168 139 165 121 163 108 166,	upstream;downstream gene3292_rpsI,gene3293_rplM;gene3294_zapE
MG1655,	3378855,	G->T,	0.0 100.0 200.0 300.0 400.0 500.0 600.0 700.0 800.0 900.0 1000.0,	9 9 6 1 11 5 3 2 3 2 9,	154 132 130 93 154 128 137 108 144 99 140,	upstream;downstream gene3292_rpsI,gene3293_rplM;gene3294_zapE
MG1655,	3378856,	A->T,	0.0 100.0 200.0 300.0 400.0 500.0 600.0 700.0 800.0 900.0 1000.0,	9 5 6 2 11 4 1 3 3 1 8,	155 126 122 93 153 120 133 105 143 100 138,	upstream;downstream gene3292_rpsI,gene3293_rplM;gene3294_zapE
MG1655,	3378860,	G->T,	0.0 100.0 200.0 300.0 400.0 500.0 600.0 700.0 800.0 900.0 1000.0,	14 7 9 3 15 4 4 4 8 2 12,	161 124 125 90 148 122 141 105 154 98 155,	upstream;downstream gene3292_rpsI,gene3293_rplM;gene3294_zapE
MG1655,	3378862,	G->T,	0.0 100.0 200.0 300.0 400.0 500.0 600.0 700.0 800.0 900.0 1000.0,	11 5 9 3 10 5 3 4 3 1 11,	155 126 128 91 140 121 139 103 146 95 148,	upstream;downstream gene3292_rpsI,gene3293_rplM;gene3294_zapE
MG1655,	3465678,	C->A,	0.0 100.0 200.0 300.0 400.0 500.0 600.0 700.0 800.0 900.0 1000.0,	5 5 2 3 8 3 6 4 3 2 8,	172 141 130 78 145 141 166 124 172 112 181,	nonsynonymous SNV gene3397_gspO:gene3397_gspO:exon1:c.C136A:p.Q46K, MG1655
MG1655,	3479216,	G->A,	0.0 100.0 200.0 300.0 400.0 500.0 600.0 700.0 800.0 900.0 1000.0,	0 0 0 0 0 0 0 0 2 5 18,	203 147 154 113 160 153 157 129 174 118 182,	synonymous SNV gene3413_kefB:gene3413_kefB:exon1:c.C1392T:p.A464A, MG1655
MG1655,	3492320,	C->A,	0.0 100.0 200.0 300.0 400.0 500.0 600.0 700.0 800.0 900.0 1000.0,	2 7 1 2 4 1 3 0 2 2 0,	163 125 124 90 141 124 181 121 144 106 157,	upstream gene3424_fic,gene3425_yhfG,gene3426_ppiA,gene3427_tsgA
MG1655,	3498809,	C->G,	0.0 100.0 200.0 300.0 400.0 500.0 600.0 700.0 800.0 900.0 1000.0,	0 0 1 1 3 1 6 1 2 1 2,	164 106 96 72 96 95 110 111 109 78 116,	nonsynonymous SNV gene3431_cysG:gene3431_cysG:exon1:c.C982G:p.P328A, MG1655
MG1655,	3517034,	G->T,	0.0 100.0 200.0 300.0 400.0 500.0 600.0 700.0 800.0 900.0 1000.0,	2 3 3 1 2 5 4 4 5 9 0,	155 157 137 103 140 163 184 138 165 125 170,	synonymous SNV gene3450_damX:gene3450_damX:exon1:c.C273A:p.R91R, MG1655
MG1655,	3531626,	G->T,	0.0 100.0 200.0 300.0 400.0 500.0 600.0 700.0 800.0 900.0 1000.0,	2 1 4 5 2 1 3 2 4 4 9,	145 132 131 102 153 138 162 122 125 103 171,	nonsynonymous SNV gene3464_yhgE:gene3464_yhgE:exon1:c.C814A:p.Q272K, MG1655
MG1655,	3546000,	A->T,	0.0 100.0 200.0 300.0 400.0 500.0 600.0 700.0 800.0 900.0 1000.0,	1 2 7 2 5 7 4 5 8 4 4,	220 131 128 62 119 123 121 112 180 89 153,	nonsynonymous SNV gene3476_nfuA:gene3476_nfuA:exon1:c.A377T:p.H126L, MG1655
MG1655,	3546012,	T->G,	0.0 100.0 200.0 300.0 400.0 500.0 600.0 700.0 800.0 900.0 1000.0,	6 8 5 2 8 11 1 5 6 5 5,	213 117 118 65 114 127 121 110 151 86 155,	nonsynonymous SNV gene3476_nfuA:gene3476_nfuA:exon1:c.T389G:p.V130G, MG1655
MG1655,	3546023,	G->A,	0.0 100.0 200.0 300.0 400.0 500.0 600.0 700.0 800.0 900.0 1000.0,	1 7 7 1 2 4 2 3 3 1 4,	245 133 125 64 124 123 139 121 176 95 166,	nonsynonymous SNV gene3476_nfuA:gene3476_nfuA:exon1:c.G400A:p.E134K, MG1655
MG1655,	3546027,	T->A,	0.0 100.0 200.0 300.0 400.0 500.0 600.0 700.0 800.0 900.0 1000.0,	1 5 8 2 2 5 5 3 4 2 7,	240 123 124 62 116 119 137 116 170 86 160,	nonsynonymous SNV gene3476_nfuA:gene3476_nfuA:exon1:c.T404A:p.I135N, MG1655
MG1655,	3553039,	C->A,	0.0 100.0 200.0 300.0 400.0 500.0 600.0 700.0 800.0 900.0 1000.0,	1 5 9 2 2 6 11 4 5 5 4,	156 168 151 105 186 190 223 166 210 114 189,	upstream gene3479_malP,gene3480_malT
MG1655,	3560455,	indel;C+T;C+G;C+A,	0.0 100.0 200.0 300.0 400.0 500.0 600.0 700.0 800.0 900.0 1000.0,	133 93 91 66 101 74 131 92 93 78 122,	133 93 91 66 101 74 131 92 93 78 122,	splicing gene3484_glpR(gene3484_glpR:exon1:c.150+1G>AG,gene3484_glpR:exon2:c.151-2G>AG)
MG1655,	3602333,	A->G,	0.0 100.0 200.0 300.0 400.0 500.0 600.0 700.0 800.0 900.0 1000.0,	0 0 0 0 0 0 0 0 7 53 111,	135 102 100 65 101 97 145 99 123 95 130,	nonsynonymous SNV gene3524_ftsE:gene3524_ftsE:exon1:c.T415C:p.S139P, MG1655
MG1655,	3602689,	C->T,	0.0 100.0 200.0 300.0 400.0 500.0 600.0 700.0 800.0 900.0 1000.0,	0 1 1 3 2 2 2 0 0 6 2,	156 115 95 68 115 139 141 102 142 88 142,	nonsynonymous SNV gene3524_ftsE:gene3524_ftsE:exon1:c.G59A:p.G20D, MG1655
MG1655,	3602705,	T->G,	0.0 100.0 200.0 300.0 400.0 500.0 600.0 700.0 800.0 900.0 1000.0,	0 2 2 3 2 3 3 2 0 4 2,	141 96 86 59 96 120 136 96 115 81 121,	synonymous SNV gene3524_ftsE:gene3524_ftsE:exon1:c.A43C:p.R15R, MG1655
MG1655,	3608696,	T->G,	0.0 100.0 200.0 300.0 400.0 500.0 600.0 700.0 800.0 900.0 1000.0,	7 1 6 2 3 6 4 6 3 3 3,	175 119 129 72 118 119 140 120 163 81 145,	upstream;downstream gene3532_yhhQ;gene3530_zntA,gene3531_tusA
MG1655,	3608715,	A->G,	0.0 100.0 200.0 300.0 400.0 500.0 600.0 700.0 800.0 900.0 1000.0,	2 2 6 3 6 6 0 3 4 0 3,	163 110 111 62 114 105 142 107 145 83 134,	upstream;downstream gene3532_yhhQ;gene3530_zntA,gene3531_tusA
MG1655,	3609123,	C->A,	0.0 100.0 200.0 300.0 400.0 500.0 600.0 700.0 800.0 900.0 1000.0,	2 12 4 1 6 2 7 2 4 7 4,	245 225 203 133 205 178 218 165 234 156 246,	upstream;downstream gene3531_tusA,gene3532_yhhQ,gene3533_dcrB;gene3530_zntA
MG1655,	3650563,	A->G,	0.0 100.0 200.0 300.0 400.0 500.0 600.0 700.0 800.0 900.0 1000.0,	0 0 0 0 0 0 4 2 15 1 0,	180 164 166 109 130 156 182 147 197 126 186,	synonymous SNV gene3567_arsC:gene3567_arsC:exon1:c.A327G:p.S109S, MG1655
MG1655,	3668174,	G->T,	0.0 100.0 200.0 300.0 400.0 500.0 600.0 700.0 800.0 900.0 1000.0,	3 3 3 2 2 4 10 5 7 0 3,	122 115 117 80 152 129 159 136 139 103 151,	nonsynonymous SNV gene3584_yhjA:gene3584_yhjA:exon1:c.C1015A:p.Q339K, MG1655
MG1655,	3668177,	G->T,	0.0 100.0 200.0 300.0 400.0 500.0 600.0 700.0 800.0 900.0 1000.0,	5 6 5 4 2 5 9 5 8 4 3,	123 124 123 85 151 134 170 132 139 111 159,	nonsynonymous SNV gene3584_yhjA:gene3584_yhjA:exon1:c.C1012A:p.Q338K, MG1655
MG1655,	3674687,	G->T,	0.0 100.0 200.0 300.0 400.0 500.0 600.0 700.0 800.0 900.0 1000.0,	6 5 4 3 15 8 8 7 2 2 9,	224 185 184 90 190 149 217 162 171 122 182,	upstream;downstream gene3589_yhjE;gene3588_yhjD
MG1655,	3674691,	G->T,	0.0 100.0 200.0 300.0 400.0 500.0 600.0 700.0 800.0 900.0 1000.0,	6 3 2 4 10 4 5 4 1 1 5,	225 191 179 85 177 149 211 149 172 122 177,	upstream;downstream gene3589_yhjE;gene3588_yhjD
MG1655,	3679325,	C->A,	0.0 100.0 200.0 300.0 400.0 500.0 600.0 700.0 800.0 900.0 1000.0,	3 3 9 0 1 1 4 4 3 4 4,	190 169 160 93 184 126 171 138 168 123 164,	upstream gene3590_yhjG,gene3591_yhjH,gene3592_kdgK
MG1655,	3708692,	G->T,	0.0 100.0 200.0 300.0 400.0 500.0 600.0 700.0 800.0 900.0 1000.0,	0 0 0 0 0 0 0 0 0 4 13,	123 73 93 52 113 88 143 114 158 84 149,	ncRNA_exonic gene3613_proK
MG1655,	3766588,	C->A,	0.0 100.0 200.0 300.0 400.0 500.0 600.0 700.0 800.0 900.0 1000.0,	5 3 3 6 7 5 7 3 6 5 11,	151 163 169 123 218 188 230 181 201 146 189,	stopgain gene3668_yibA:gene3668_yibA:exon1:c.C252A:p.C84X, MG1655
MG1655,	3767031,	indel;T-1;T+A,	0.0 100.0 200.0 300.0 400.0 500.0 600.0 700.0 800.0 900.0 1000.0,	1 5 7 6 1 9 5 9 5 7 4,	237 200 191 105 226 208 248 202 242 145 188,	frameshift substitution gene3668_yibA:gene3668_yibA:exon1:c.695_695delinsTA, MG1655
MG1655,	3767353,	G->A,	0.0 100.0 200.0 300.0 400.0 500.0 600.0 700.0 800.0 900.0 1000.0,	0 4 0 0 0 0 2 0 0 0 0,	126 80 81 44 76 78 77 61 86 56 72,	unknown UNKNOWN MG1655
MG1655,	3781126,	G->C,	0.0 100.0 200.0 300.0 400.0 500.0 600.0 700.0 800.0 900.0 1000.0,	10 5 3 4 2 5 8 1 7 4 2,	169 147 156 106 137 131 180 143 200 108 173,	upstream;downstream gene3685_trmL;gene3684_lldD,gene3686_cysE
MG1655,	3781133,	C->G,	0.0 100.0 200.0 300.0 400.0 500.0 600.0 700.0 800.0 900.0 1000.0,	11 7 3 2 4 11 5 5 9 11 10,	189 174 172 122 157 143 194 153 227 128 209,	upstream;downstream gene3685_trmL;gene3684_lldD,gene3686_cysE
MG1655,	3781138,	A->G,	0.0 100.0 200.0 300.0 400.0 500.0 600.0 700.0 800.0 900.0 1000.0,	3 4 5 2 6 5 9 5 5 2 2,	164 142 145 92 140 122 164 132 182 109 181,	upstream;downstream gene3685_trmL;gene3684_lldD,gene3686_cysE
MG1655,	3781140,	A->G,	0.0 100.0 200.0 300.0 400.0 500.0 600.0 700.0 800.0 900.0 1000.0,	11 12 5 6 8 14 18 7 18 8 12,	164 135 133 95 124 123 161 128 174 98 167,	upstream;downstream gene3685_trmL;gene3684_lldD,gene3686_cysE
MG1655,	3781145,	C->G,	0.0 100.0 200.0 300.0 400.0 500.0 600.0 700.0 800.0 900.0 1000.0,	10 6 8 9 13 10 13 7 13 9 10,	170 134 140 105 140 123 164 131 179 100 178,	upstream;downstream gene3685_trmL;gene3684_lldD,gene3686_cysE
MG1655,	3781150,	T->G,	0.0 100.0 200.0 300.0 400.0 500.0 600.0 700.0 800.0 900.0 1000.0,	6 6 6 2 2 5 12 4 5 7 5,	138 107 112 70 100 95 134 105 129 83 140,	upstream;downstream gene3685_trmL;gene3684_lldD,gene3686_cysE
MG1655,	3781152,	A->G,	0.0 100.0 200.0 300.0 400.0 500.0 600.0 700.0 800.0 900.0 1000.0,	12 12 12 6 13 13 14 14 16 11 12,	145 114 120 81 110 112 141 111 155 92 155,	upstream;downstream gene3685_trmL;gene3684_lldD,gene3686_cysE
MG1655,	3797336,	C->A,	0.0 100.0 200.0 300.0 400.0 500.0 600.0 700.0 800.0 900.0 1000.0,	6 16 20 14 17 17 21 15 13 9 12,	204 338 312 171 310 254 370 249 298 188 325,	stopgain gene3701_waaL:gene3701_waaL:exon1:c.C389A:p.S130X, MG1655
MG1655,	3798660,	G->T,	0.0 100.0 200.0 300.0 400.0 500.0 600.0 700.0 800.0 900.0 1000.0,	1 4 12 1 8 10 4 4 2 4 7,	176 218 204 129 253 236 304 203 244 161 247,	nonsynonymous SNV gene3702_waaU:gene3702_waaU:exon1:c.C653A:p.A218E, MG1655
MG1655,	3801783,	G->A,	0.0 100.0 200.0 300.0 400.0 500.0 600.0 700.0 800.0 900.0 1000.0,	1 6 4 5 4 14 8 6 11 12 7,	213 259 253 143 289 234 339 248 276 210 281,	stopgain gene3705_waaR:gene3705_waaR:exon1:c.C217T:p.Q73X, MG1655
MG1655,	3802420,	G->T,	0.0 100.0 200.0 300.0 400.0 500.0 600.0 700.0 800.0 900.0 1000.0,	4 9 4 7 10 8 10 8 4 5 10,	236 218 223 129 240 212 286 219 250 164 298,	synonymous SNV gene3706_waaO:gene3706_waaO:exon1:c.C639A:p.I213I, MG1655
MG1655,	3836934,	C->T,	0.0 100.0 200.0 300.0 400.0 500.0 600.0 700.0 800.0 900.0 1000.0,	5 3 1 0 6 3 5 4 1 0 11,	184 178 155 119 194 153 225 170 224 137 194,	upstream;downstream gene3739_setC;gene3737_selC,gene3738_yicT
MG1655,	3836935,	G->T,	0.0 100.0 200.0 300.0 400.0 500.0 600.0 700.0 800.0 900.0 1000.0,	5 3 1 2 10 3 9 5 3 0 10,	182 177 150 118 197 149 225 166 216 131 192,	upstream;downstream gene3739_setC;gene3737_selC,gene3738_yicT
MG1655,	3843643,	C->A,	0.0 100.0 200.0 300.0 400.0 500.0 600.0 700.0 800.0 900.0 1000.0,	5 1 2 0 0 9 4 3 1 1 0,	257 186 134 133 212 175 280 203 249 143 228,	synonymous SNV gene3745_adeQ:gene3745_adeQ:exon1:c.G147T:p.V49V, MG1655
MG1655,	3863816,	indel;T+A,	0.0 100.0 200.0 300.0 400.0 500.0 600.0 700.0 800.0 900.0 1000.0,	0 2 0 0 0 0 1 2 2 6 0,	167 135 143 91 144 135 202 156 189 111 194,	upstream;downstream gene3765_glvC,gene3766_yidP;gene3767_yidE
MG1655,	3863881,	C->A,	0.0 100.0 200.0 300.0 400.0 500.0 600.0 700.0 800.0 900.0 1000.0,	3 4 1 2 3 10 6 7 5 2 12,	167 137 140 90 149 140 206 157 192 122 191,	upstream;downstream gene3765_glvC,gene3766_yidP;gene3767_yidE
MG1655,	3917395,	A->T,	0.0 100.0 200.0 300.0 400.0 500.0 600.0 700.0 800.0 900.0 1000.0,	3 3 2 3 4 5 4 2 11 3 4,	188 112 86 105 119 131 137 103 176 96 150,	upstream;downstream gene3815_atpD;gene3816_atpG,gene3817_atpA
MG1655,	3917396,	A->T,	0.0 100.0 200.0 300.0 400.0 500.0 600.0 700.0 800.0 900.0 1000.0,	4 9 1 3 8 11 8 4 14 4 10,	171 123 86 104 121 139 148 101 173 96 156,	upstream;downstream gene3815_atpD;gene3816_atpG,gene3817_atpA
MG1655,	3917406,	A->G,	0.0 100.0 200.0 300.0 400.0 500.0 600.0 700.0 800.0 900.0 1000.0,	3 2 4 5 6 5 5 5 10 3 6,	161 106 86 100 109 123 144 99 159 93 155,	nonsynonymous SNV gene3816_atpG:gene3816_atpG:exon1:c.T860C:p.V287A, MG1655
MG1655,	3921893,	A->T,	0.0 100.0 200.0 300.0 400.0 500.0 600.0 700.0 800.0 900.0 1000.0,	4 5 4 4 6 4 6 2 7 2 5,	173 118 116 53 115 85 148 110 111 103 119,	synonymous SNV gene3821_atpB:gene3821_atpB:exon1:c.T159A:p.G53G, MG1655
MG1655,	3950242,	C->A,	0.0 100.0 200.0 300.0 400.0 500.0 600.0 700.0 800.0 900.0 1000.0,	1 5 7 2 5 5 2 1 2 3 5,	106 135 138 101 162 145 177 145 167 106 186,	upstream gene3847_yifB,gene3848_ilvL,gene3849_ilvX,gene3850_ilvG
MG1655,	3959515,	T->A,	0.0 100.0 200.0 300.0 400.0 500.0 600.0 700.0 800.0 900.0 1000.0,	2 0 2 4 2 8 6 2 3 8 7,	208 207 183 136 211 209 235 191 264 132 248,	downstream gene3856_ilvC,gene3857_ppiC,gene3858_yifN
MG1655,	3973223,	C->T,	0.0 100.0 200.0 300.0 400.0 500.0 600.0 700.0 800.0 900.0 1000.0,	2 5 2 1 11 8 5 4 4 4 4,	213 156 135 89 149 130 182 132 183 107 192,	synonymous SNV gene3868_rffG:gene3868_rffG:exon1:c.C702T:p.R234R, MG1655
MG1655,	3973224,	G->T,	0.0 100.0 200.0 300.0 400.0 500.0 600.0 700.0 800.0 900.0 1000.0,	3 2 0 2 8 5 2 3 4 0 3,	221 152 135 92 144 128 179 133 182 103 190,	nonsynonymous SNV gene3868_rffG:gene3868_rffG:exon1:c.G703T:p.A235S, MG1655
MG1655,	3973225,	C->T,	0.0 100.0 200.0 300.0 400.0 500.0 600.0 700.0 800.0 900.0 1000.0,	2 5 4 1 12 8 6 4 7 5 5,	206 155 138 88 147 130 177 130 180 108 191,	nonsynonymous SNV gene3868_rffG:gene3868_rffG:exon1:c.C704T:p.A235V, MG1655
MG1655,	3973226,	G->T,	0.0 100.0 200.0 300.0 400.0 500.0 600.0 700.0 800.0 900.0 1000.0,	2 6 2 1 9 5 3 3 4 3 4,	221 163 136 88 146 124 183 131 177 105 192,	synonymous SNV gene3868_rffG:gene3868_rffG:exon1:c.G705T:p.A235A, MG1655
MG1655,	3973227,	C->T,	0.0 100.0 200.0 300.0 400.0 500.0 600.0 700.0 800.0 900.0 1000.0,	0 2 4 2 10 4 6 3 5 5 3,	215 163 141 93 148 132 187 138 188 106 201,	synonymous SNV gene3868_rffG:gene3868_rffG:exon1:c.C706T:p.L236L, MG1655
MG1655,	3973229,	G->T,	0.0 100.0 200.0 300.0 400.0 500.0 600.0 700.0 800.0 900.0 1000.0,	5 7 6 3 14 7 5 4 6 5 7,	243 180 175 102 175 144 206 152 216 122 222,	synonymous SNV gene3868_rffG:gene3868_rffG:exon1:c.G708T:p.L236L, MG1655
MG1655,	3973230,	T->A,	0.0 100.0 200.0 300.0 400.0 500.0 600.0 700.0 800.0 900.0 1000.0,	1 3 2 1 12 5 3 2 5 3 2,	233 169 157 99 164 133 199 139 202 115 205,	nonsynonymous SNV gene3868_rffG:gene3868_rffG:exon1:c.T709A:p.Y237N, MG1655
MG1655,	3973233,	T->G,	0.0 100.0 200.0 300.0 400.0 500.0 600.0 700.0 800.0 900.0 1000.0,	3 0 4 1 7 7 4 2 4 5 3,	220 150 162 96 154 130 199 139 194 111 200,	nonsynonymous SNV gene3868_rffG:gene3868_rffG:exon1:c.T712G:p.C238G, MG1655
MG1655,	3973235,	C->T,	0.0 100.0 200.0 300.0 400.0 500.0 600.0 700.0 800.0 900.0 1000.0,	2 4 3 2 8 3 1 4 4 3 3,	215 154 154 95 157 133 180 141 202 110 200,	synonymous SNV gene3868_rffG:gene3868_rffG:exon1:c.C714T:p.C238C, MG1655
MG1655,	3973237,	T->C,	0.0 100.0 200.0 300.0 400.0 500.0 600.0 700.0 800.0 900.0 1000.0,	2 7 6 5 17 7 6 6 11 5 6,	233 156 160 96 165 125 191 136 211 118 198,	nonsynonymous SNV gene3868_rffG:gene3868_rffG:exon1:c.T716C:p.V239A, MG1655
MG1655,	3973249,	G->A,	0.0 100.0 200.0 300.0 400.0 500.0 600.0 700.0 800.0 900.0 1000.0,	2 6 7 5 11 8 7 2 7 5 5,	219 153 152 90 151 123 188 132 194 112 182,	nonsynonymous SNV gene3868_rffG:gene3868_rffG:exon1:c.G728A:p.G243E, MG1655
MG1655,	4002219,	T->C,	0.0 100.0 200.0 300.0 400.0 500.0 600.0 700.0 800.0 900.0 1000.0,	0 1 1 2 0 2 2 0 6 2 3,	154 97 111 58 118 92 126 110 117 78 118,	nonsynonymous SNV gene3897_corA:gene3897_corA:exon1:c.T794C:p.V265A, MG1655
MG1655,	4033607,	G->A,	0.0 100.0 200.0 300.0 400.0 500.0 600.0 700.0 800.0 900.0 1000.0,	1 40 89 57 82 73 121 106 139 99 142,	141 131 113 73 115 113 123 107 141 100 143,	nonsynonymous SNV gene3929_trkH:gene3929_trkH:exon1:c.G463A:p.V155M, MG1655
MG1655,	4075548,	C->A,	0.0 100.0 200.0 300.0 400.0 500.0 600.0 700.0 800.0 900.0 1000.0,	2 3 4 2 1 2 6 3 7 7 5,	144 163 135 98 170 141 193 140 191 138 159,	upstream;downstream gene3967_yihX,gene3968_yihY;gene3965_yihV,gene3966_yihW
MG1655,	4085620,	G->T,	0.0 100.0 200.0 300.0 400.0 500.0 600.0 700.0 800.0 900.0 1000.0,	5 2 3 2 4 8 7 3 3 1 6,	209 140 152 119 154 143 195 146 190 125 216,	unknown UNKNOWN MG1655
MG1655,	4087219,	T->A,	0.0 100.0 200.0 300.0 400.0 500.0 600.0 700.0 800.0 900.0 1000.0,	8 5 7 0 2 7 5 1 4 2 1,	187 137 135 77 157 120 150 155 165 106 160,	nonsynonymous SNV gene3978_yiiG:gene3978_yiiG:exon1:c.T218A:p.V73D, MG1655
MG1655,	4087221,	T->A,	0.0 100.0 200.0 300.0 400.0 500.0 600.0 700.0 800.0 900.0 1000.0,	13 6 9 2 4 8 8 3 6 5 3,	191 135 139 84 157 118 150 162 164 115 164,	nonsynonymous SNV gene3978_yiiG:gene3978_yiiG:exon1:c.T220A:p.F74I, MG1655
MG1655,	4087222,	T->A,	0.0 100.0 200.0 300.0 400.0 500.0 600.0 700.0 800.0 900.0 1000.0,	11 5 8 1 5 12 12 4 8 6 3,	185 139 140 85 163 127 155 160 172 112 167,	nonsynonymous SNV gene3978_yiiG:gene3978_yiiG:exon1:c.T221A:p.F74Y, MG1655
MG1655,	4087223,	C->A,	0.0 100.0 200.0 300.0 400.0 500.0 600.0 700.0 800.0 900.0 1000.0,	15 6 10 3 9 12 18 9 11 8 6,	184 135 139 84 169 124 158 161 177 115 165,	nonsynonymous SNV gene3978_yiiG:gene3978_yiiG:exon1:c.C222A:p.F74L, MG1655
MG1655,	4087224,	G->A,	0.0 100.0 200.0 300.0 400.0 500.0 600.0 700.0 800.0 900.0 1000.0,	11 5 7 2 7 9 10 3 4 3 3,	195 142 148 86 178 133 163 157 174 115 171,	nonsynonymous SNV gene3978_yiiG:gene3978_yiiG:exon1:c.G223A:p.D75N, MG1655
MG1655,	4087226,	C->A,	0.0 100.0 200.0 300.0 400.0 500.0 600.0 700.0 800.0 900.0 1000.0,	16 7 11 4 9 13 14 6 5 9 5,	195 142 152 89 177 128 165 162 171 119 171,	nonsynonymous SNV gene3978_yiiG:gene3978_yiiG:exon1:c.C225A:p.D75E, MG1655
MG1655,	4087227,	G->A,	0.0 100.0 200.0 300.0 400.0 500.0 600.0 700.0 800.0 900.0 1000.0,	13 6 11 6 8 9 14 5 7 8 5,	191 141 152 90 175 132 171 159 181 118 181,	nonsynonymous SNV gene3978_yiiG:gene3978_yiiG:exon1:c.G226A:p.E76K, MG1655
MG1655,	4123517,	indel;A;G-2,	0.0 100.0 200.0 300.0 400.0 500.0 600.0 700.0 800.0 900.0 1000.0,	0 0 0 0 1 38 94 77 110 99 138,	183 125 145 111 146 162 129 110 142 107 142,	frameshift deletion gene4015_cytR:gene4015_cytR:exon1:c.940delC:p.Q314fs, MG1655
MG1655,	4123695,	A->C,	0.0 100.0 200.0 300.0 400.0 500.0 600.0 700.0 800.0 900.0 1000.0,	0 0 0 0 0 8 20 14 21 4 0,	155 124 116 78 117 111 153 102 142 132 149,	nonsynonymous SNV gene4015_cytR:gene4015_cytR:exon1:c.T762G:p.D254E, MG1655
MG1655,	4123762,	C->T,	0.0 100.0 200.0 300.0 400.0 500.0 600.0 700.0 800.0 900.0 1000.0,	0 0 0 0 0 8 7 2 1 0 0,	189 124 140 86 137 136 184 141 161 117 181,	nonsynonymous SNV gene4015_cytR:gene4015_cytR:exon1:c.G695A:p.G232E, MG1655
MG1655,	4136476,	A->C,	0.0 100.0 200.0 300.0 400.0 500.0 600.0 700.0 800.0 900.0 1000.0,	0 1 0 2 1 1 1 3 2 0 0,	104 62 80 32 85 66 90 87 83 62 78,	synonymous SNV gene4024_yijE:gene4024_yijE:exon1:c.A369C:p.R123R, MG1655
MG1655,	4242307,	G->T,	0.0 100.0 200.0 300.0 400.0 500.0 600.0 700.0 800.0 900.0 1000.0,	3 2 1 1 1 1 0 0 0 0 6,	113 93 108 68 125 125 138 113 123 74 116,	nonsynonymous SNV gene4115_malG:gene4115_malG:exon1:c.C25A:p.Q9K, MG1655
MG1655,	4254577,	G->T,	0.0 100.0 200.0 300.0 400.0 500.0 600.0 700.0 800.0 900.0 1000.0,	0 3 1 0 2 0 1 5 1 0 2,	134 92 131 72 122 114 128 88 115 86 146,	synonymous SNV gene4124_plsB:gene4124_plsB:exon1:c.C705A:p.R235R, MG1655
MG1655,	4276116,	G->T,	0.0 100.0 200.0 300.0 400.0 500.0 600.0 700.0 800.0 900.0 1000.0,	4 4 0 5 2 1 3 3 1 1 4,	188 140 129 82 128 145 191 119 160 103 172,	nonsynonymous SNV gene4146_soxS:gene4146_soxS:exon1:c.C83A:p.A28E, MG1655
MG1655,	4294875,	C->T,	0.0 100.0 200.0 300.0 400.0 500.0 600.0 700.0 800.0 900.0 1000.0,	110 61 57 40 59 69 101 66 101 55 93,	298 189 202 149 204 207 266 217 300 164 296,	downstream gene4162_gltP,gene4163_yjcO
MG1655,	4295195,	indel;A+AG;A+CG;A+GG;A+TG,	0.0 100.0 200.0 300.0 400.0 500.0 600.0 700.0 800.0 900.0 1000.0,	99 42 55 29 56 61 65 57 68 42 76,	100 42 55 29 58 61 65 57 68 42 76,	downstream gene4162_gltP,gene4163_yjcO,gene4164_fdhF
MG1655,	4302910,	C->T,	0.0 100.0 200.0 300.0 400.0 500.0 600.0 700.0 800.0 900.0 1000.0,	0 0 3 5 0 0 1 1 1 0 1,	229 199 194 96 163 150 196 181 190 161 198,	synonymous SNV gene4167_mdtN:gene4167_mdtN:exon1:c.G15A:p.P5P, MG1655
MG1655,	4302912,	G->T,	0.0 100.0 200.0 300.0 400.0 500.0 600.0 700.0 800.0 900.0 1000.0,	0 0 0 5 1 2 2 3 1 0 1,	226 193 185 98 160 145 194 180 188 161 192,	nonsynonymous SNV gene4167_mdtN:gene4167_mdtN:exon1:c.C13A:p.P5T, MG1655
MG1655,	4302914,	G->T,	0.0 100.0 200.0 300.0 400.0 500.0 600.0 700.0 800.0 900.0 1000.0,	0 0 1 5 1 2 1 4 1 0 1,	221 197 188 98 150 144 195 180 185 163 189,	nonsynonymous SNV gene4167_mdtN:gene4167_mdtN:exon1:c.C11A:p.T4K, MG1655
MG1655,	4327981,	G->T,	0.0 100.0 200.0 300.0 400.0 500.0 600.0 700.0 800.0 900.0 1000.0,	2 0 2 0 0 1 3 1 1 4 1,	145 97 89 57 96 94 126 110 115 74 127,	nonsynonymous SNV gene4194_crfC:gene4194_crfC:exon1:c.G2032T:p.A678S, MG1655
MG1655,	4351307,	C->A,	0.0 100.0 200.0 300.0 400.0 500.0 600.0 700.0 800.0 900.0 1000.0,	4 6 7 8 8 8 2 6 1 4 11,	287 242 248 159 255 234 270 211 248 173 256,	upstream;downstream gene4211_dcuS,gene4214_ghoS,gene4215_ghoT;gene4212_yjdI,gene4213_yjdJ,gene4216_lysU
MG1655,	414827,	A->C,	0.0 100.0 200.0 300.0 400.0 500.0 600.0 700.0 800.0 900.0 1000.0,	2 1 5 3 4 4 1 6 2 6 11,	107 85 99 74 91 106 104 92 114 74 123,	nonsynonymous SNV gene402_sbcC:gene402_sbcC:exon1:c.T927G:p.I309M, MG1655
MG1655,	414832,	G->T,	0.0 100.0 200.0 300.0 400.0 500.0 600.0 700.0 800.0 900.0 1000.0,	2 1 5 3 4 5 1 5 2 7 11,	109 83 98 73 91 105 103 90 110 71 115,	nonsynonymous SNV gene402_sbcC:gene402_sbcC:exon1:c.C922A:p.H308N, MG1655
MG1655,	449456,	T->C,	0.0 100.0 200.0 300.0 400.0 500.0 600.0 700.0 800.0 900.0 1000.0,	3 7 4 6 4 0 2 1 5 2 1,	163 136 139 78 103 108 104 108 103 101 119,	nonsynonymous SNV gene436_cyoB:gene436_cyoB:exon1:c.A1186G:p.M396V, MG1655
MG1655,	468272,	G->T,	0.0 100.0 200.0 300.0 400.0 500.0 600.0 700.0 800.0 900.0 1000.0,	6 4 6 1 5 7 2 2 5 8 7,	213 120 146 86 128 129 146 108 144 126 134,	upstream;downstream gene450_ybaE,gene452_ybaO,gene453_mdlA;gene451_cof
MG1655,	493136,	G->A,	0.0 100.0 200.0 300.0 400.0 500.0 600.0 700.0 800.0 900.0 1000.0,	0 0 0 0 0 0 0 0 6 43 68,	156 98 77 69 81 90 87 80 117 82 79,	nonsynonymous SNV gene475_dnaX:gene475_dnaX:exon1:c.G1045A:p.V349I, MG1655
MG1655,	493368,	C->A,	0.0 100.0 200.0 300.0 400.0 500.0 600.0 700.0 800.0 900.0 1000.0,	0 3 1 2 0 3 1 0 1 0 0,	85 42 70 48 66 74 59 66 77 45 68,	nonsynonymous SNV gene475_dnaX:gene475_dnaX:exon1:c.C1277A:p.T426N, MG1655
MG1655,	493369,	C->A,	0.0 100.0 200.0 300.0 400.0 500.0 600.0 700.0 800.0 900.0 1000.0,	0 4 1 1 0 3 0 1 2 0 0,	85 45 70 44 63 76 57 58 75 47 68,	synonymous SNV gene475_dnaX:gene475_dnaX:exon1:c.C1278A:p.T426T, MG1655
MG1655,	493374,	C->A,	0.0 100.0 200.0 300.0 400.0 500.0 600.0 700.0 800.0 900.0 1000.0,	0 4 1 2 0 3 0 1 1 0 0,	91 46 71 52 65 78 53 68 75 51 66,	nonsynonymous SNV gene475_dnaX:gene475_dnaX:exon1:c.C1283A:p.A428E, MG1655
MG1655,	503370,	C->A,	0.0 100.0 200.0 300.0 400.0 500.0 600.0 700.0 800.0 900.0 1000.0,	2 0 6 1 0 2 0 2 0 1 0,	127 121 94 74 119 110 114 103 106 88 105,	upstream;downstream gene483_ybaL;gene484_fsr
MG1655,	503373,	C->A,	0.0 100.0 200.0 300.0 400.0 500.0 600.0 700.0 800.0 900.0 1000.0,	2 0 8 1 4 4 0 1 0 0 0,	124 121 97 78 125 114 114 104 109 83 108,	upstream;downstream gene483_ybaL;gene484_fsr
MG1655,	505435,	C->A,	0.0 100.0 200.0 300.0 400.0 500.0 600.0 700.0 800.0 900.0 1000.0,	2 2 1 0 1 2 6 1 2 4 1,	145 128 116 82 122 100 111 81 114 90 130,	nonsynonymous SNV gene485_ushA:gene485_ushA:exon1:c.C522A:p.D174E, MG1655
MG1655,	505440,	C->A,	0.0 100.0 200.0 300.0 400.0 500.0 600.0 700.0 800.0 900.0 1000.0,	2 1 0 2 3 3 6 2 1 4 2,	144 117 110 84 115 102 109 77 103 85 133,	nonsynonymous SNV gene485_ushA:gene485_ushA:exon1:c.C527A:p.A176E, MG1655
MG1655,	523206,	indel;A-1;A+TT;A+T,	0.0 100.0 200.0 300.0 400.0 500.0 600.0 700.0 800.0 900.0 1000.0,	2 7 7 5 11 5 5 8 12 10 4,	168 213 176 107 196 196 208 148 174 156 178,	upstream;downstream gene503_rhsD;gene502_ybbP
MG1655,	539070,	C->A,	0.0 100.0 200.0 300.0 400.0 500.0 600.0 700.0 800.0 900.0 1000.0,	2 4 7 2 7 3 6 7 6 4 4,	154 169 148 133 171 183 183 136 147 119 157,	nonsynonymous SNV gene516_ybbW:gene516_ybbW:exon1:c.C1438A:p.Q480K, MG1655
MG1655,	584746,	G->T,	0.0 100.0 200.0 300.0 400.0 500.0 600.0 700.0 800.0 900.0 1000.0,	5 10 6 4 5 4 5 7 0 8 5,	234 234 228 175 238 247 203 184 189 141 181,	nonsynonymous SNV gene576_ompT:gene576_ompT:exon1:c.C888A:p.S296R, MG1655
MG1655,	607574,	C->A,	0.0 100.0 200.0 300.0 400.0 500.0 600.0 700.0 800.0 900.0 1000.0,	1 1 3 3 5 10 4 4 2 2 3,	240 181 186 112 161 183 180 137 173 136 187,	upstream gene593_ybdK,gene594_sokE,gene595_hokE,gene596_insL1
MG1655,	621252,	A->C,	0.0 100.0 200.0 300.0 400.0 500.0 600.0 700.0 800.0 900.0 1000.0,	195 130 109 75 128 151 117 93 118 76 133,	198 131 109 76 132 152 121 96 120 76 133,	nonsynonymous SNV gene605_fepD:gene605_fepD:exon1:c.T938G:p.V313G, MG1655
MG1655,	682855,	A->T,	0.0 100.0 200.0 300.0 400.0 500.0 600.0 700.0 800.0 900.0 1000.0,	1 6 2 2 1 0 1 0 1 4 1,	138 134 98 69 81 92 73 87 86 75 95,	nonsynonymous SNV gene664_hscC:gene664_hscC:exon1:c.T539A:p.V180D, MG1655
MG1655,	682858,	T->A,	0.0 100.0 200.0 300.0 400.0 500.0 600.0 700.0 800.0 900.0 1000.0,	1 2 0 3 1 0 1 1 0 1 0,	133 122 99 60 75 93 67 83 86 68 97,	nonsynonymous SNV gene664_hscC:gene664_hscC:exon1:c.A536T:p.D179V, MG1655
MG1655,	705963,	indel;C+T;C+TT;C-1,	0.0 100.0 200.0 300.0 400.0 500.0 600.0 700.0 800.0 900.0 1000.0,	4 2 8 2 5 6 3 3 7 6 6,	145 129 150 91 128 127 137 126 108 91 139,	upstream;downstream gene690_glnS;gene689_nagE
MG1655,	738265,	G->T,	0.0 100.0 200.0 300.0 400.0 500.0 600.0 700.0 800.0 900.0 1000.0,	1 0 1 0 1 0 0 3 1 3 2,	184 137 117 72 131 112 113 109 119 58 82,	nonsynonymous SNV gene719_ybfD:gene719_ybfD:exon1:c.G174T:p.L58F, MG1655
MG1655,	743928,	C->A,	0.0 100.0 200.0 300.0 400.0 500.0 600.0 700.0 800.0 900.0 1000.0,	1 1 2 3 0 1 1 2 2 1 2,	115 86 101 53 80 121 91 88 95 56 83,	nonsynonymous SNV gene724_ybgJ:gene724_ybgJ:exon1:c.C336A:p.S112R, MG1655
MG1655,	749530,	C->T,	0.0 100.0 200.0 300.0 400.0 500.0 600.0 700.0 800.0 900.0 1000.0,	2 0 1 0 9 1 2 1 1 2 1,	145 100 125 87 128 121 109 86 100 79 123,	nonsynonymous SNV gene730_ybgP:gene730_ybgP:exon1:c.G178A:p.E60K, MG1655
MG1655,	749536,	C->T,	0.0 100.0 200.0 300.0 400.0 500.0 600.0 700.0 800.0 900.0 1000.0,	4 0 1 2 7 2 0 1 1 0 1,	153 107 126 86 127 123 104 89 101 79 122,	nonsynonymous SNV gene730_ybgP:gene730_ybgP:exon1:c.G172A:p.E58K, MG1655
MG1655,	752040,	C->T,	0.0 100.0 200.0 300.0 400.0 500.0 600.0 700.0 800.0 900.0 1000.0,	0 1 0 4 1 2 1 0 1 1 2,	150 138 127 68 135 133 122 95 109 103 110,	nonsynonymous SNV gene731_ybgQ:gene731_ybgQ:exon1:c.G130A:p.E44K, MG1655
MG1655,	757272,	indel;C+T,	0.0 100.0 200.0 300.0 400.0 500.0 600.0 700.0 800.0 900.0 1000.0,	3 1 3 0 7 3 0 5 3 2 3,	201 148 132 88 118 130 116 100 105 94 133,	frameshift substitution gene736_sdhA:gene736_sdhA:exon1:c.1366_1366delinsCT, MG1655
MG1655,	760136,	C->A,	0.0 100.0 200.0 300.0 400.0 500.0 600.0 700.0 800.0 900.0 1000.0,	0 2 1 0 0 0 1 2 1 0 4,	109 91 74 50 86 67 62 54 59 53 70,	synonymous SNV gene738_sucA:gene738_sucA:exon1:c.C1431A:p.I477I, MG1655
MG1655,	776841,	C->A,	0.0 100.0 200.0 300.0 400.0 500.0 600.0 700.0 800.0 900.0 1000.0,	0 2 0 0 0 0 3 0 1 0 1,	54 36 50 33 42 52 48 31 42 40 69,	nonsynonymous SNV gene752_tolA:gene752_tolA:exon1:c.C500A:p.A167E, MG1655
MG1655,	4408859,	indel;G-1;G+T;G+TT,	0.0 100.0 200.0 300.0 400.0 500.0 600.0 700.0 800.0 900.0 1000.0,	1 4 9 8 2 6 5 3 4 5 3,	125 211 199 137 204 164 216 152 185 157 176,	upstream;downstream gene4272_yjfI,gene4273_yjfJ;gene4270_rnr,gene4271_rlmB
MG1655,	4471051,	T->G,	0.0 100.0 200.0 300.0 400.0 500.0 600.0 700.0 800.0 900.0 1000.0,	2 0 0 0 1 0 3 5 0 0 1,	142 121 109 64 135 147 133 93 145 91 140,	nonsynonymous SNV gene4335_pyrB:gene4335_pyrB:exon1:c.A160C:p.T54P, MG1655
MG1655,	4495738,	C->A,	0.0 100.0 200.0 300.0 400.0 500.0 600.0 700.0 800.0 900.0 1000.0,	5 6 7 6 6 5 4 6 6 4 1,	191 182 145 102 184 146 166 135 175 102 180,	unknown UNKNOWN MG1655
MG1655,	4539792,	C->A,	0.0 100.0 200.0 300.0 400.0 500.0 600.0 700.0 800.0 900.0 1000.0,	2 6 4 7 5 2 2 2 1 4 8,	233 256 235 133 246 214 251 187 234 151 241,	nonsynonymous SNV gene4405_fimB:gene4405_fimB:exon1:c.C21A:p.N7K, MG1655
MG1655,	4543401,	G->A,	0.0 100.0 200.0 300.0 400.0 500.0 600.0 700.0 800.0 900.0 1000.0,	3 5 3 3 3 1 7 1 1 6 6,	186 167 170 112 165 163 187 142 181 118 178,	nonsynonymous SNV gene4409_fimC:gene4409_fimC:exon1:c.G283A:p.G95R, MG1655
MG1655,	4543402,	G->A,	0.0 100.0 200.0 300.0 400.0 500.0 600.0 700.0 800.0 900.0 1000.0,	3 6 2 3 4 0 6 2 2 8 5,	197 165 168 108 163 166 184 153 185 121 183,	nonsynonymous SNV gene4409_fimC:gene4409_fimC:exon1:c.G284A:p.G95E, MG1655
MG1655,	4543888,	G->T,	0.0 100.0 200.0 300.0 400.0 500.0 600.0 700.0 800.0 900.0 1000.0,	0 0 0 6 106 106 183 148 173 100 161,	201 155 162 114 184 157 184 152 176 103 164,	upstream;downstream gene4410_fimD;gene4408_fimI,gene4409_fimC
MG1655,	4555575,	indel;G-1;G+T,	0.0 100.0 200.0 300.0 400.0 500.0 600.0 700.0 800.0 900.0 1000.0,	5 11 9 5 5 7 6 1 2 2 1,	150 175 176 111 159 158 197 170 162 120 161,	upstream;downstream gene4418_yjiC,gene4419_iraD;gene4420_hypT
MG1655,	4555585,	G->T,	0.0 100.0 200.0 300.0 400.0 500.0 600.0 700.0 800.0 900.0 1000.0,	5 10 6 4 6 7 6 9 11 5 7,	153 147 157 109 148 148 196 160 155 104 149,	upstream;downstream gene4418_yjiC,gene4419_iraD;gene4420_hypT
MG1655,	4580067,	G->T,	0.0 100.0 200.0 300.0 400.0 500.0 600.0 700.0 800.0 900.0 1000.0,	4 2 4 2 2 3 3 2 9 0 1,	220 195 168 101 165 138 203 163 178 103 155,	nonsynonymous SNV gene4440_hsdS:gene4440_hsdS:exon1:c.C211A:p.Q71K, MG1655
MG1655,	4587151,	T->G,	0.0 100.0 200.0 300.0 400.0 500.0 600.0 700.0 800.0 900.0 1000.0,	0 0 0 1 4 0 1 1 3 0 3,	130 71 74 61 74 73 94 79 102 78 96,	nonsynonymous SNV gene4444_yjiA:gene4444_yjiA:exon1:c.A530C:p.N177T, MG1655
MG1655,	4636547,	C->A,	0.0 100.0 200.0 300.0 400.0 500.0 600.0 700.0 800.0 900.0 1000.0,	1 2 6 0 0 0 2 0 5 1 3,	134 79 96 67 99 70 89 89 83 71 97,	nonsynonymous SNV gene4493_creC:gene4493_creC:exon1:c.C1037A:p.A346E, MG1655
MG1655,	803598,	C->A,	0.0 100.0 200.0 300.0 400.0 500.0 600.0 700.0 800.0 900.0 1000.0,	1 1 5 1 1 3 2 1 6 0 3,	151 144 136 103 138 132 144 104 108 102 118,	synonymous SNV gene784_ybhJ:gene784_ybhJ:exon1:c.C96A:p.A32A, MG1655
MG1655,	820442,	C->A,	0.0 100.0 200.0 300.0 400.0 500.0 600.0 700.0 800.0 900.0 1000.0,	1 2 2 0 1 1 1 6 0 0 1,	209 158 170 95 143 169 134 112 129 98 132,	nonsynonymous SNV gene799_ybhL:gene799_ybhL:exon1:c.C559A:p.Q187K, MG1655
MG1655,	820448,	C->A,	0.0 100.0 200.0 300.0 400.0 500.0 600.0 700.0 800.0 900.0 1000.0,	2 2 1 0 0 1 1 6 0 0 0,	217 159 170 96 149 176 134 113 133 96 135,	nonsynonymous SNV gene799_ybhL:gene799_ybhL:exon1:c.C565A:p.L189M, MG1655
MG1655,	820450,	G->A,	0.0 100.0 200.0 300.0 400.0 500.0 600.0 700.0 800.0 900.0 1000.0,	1 2 1 0 1 1 0 6 1 0 0,	215 167 169 91 147 168 135 117 133 101 133,	synonymous SNV gene799_ybhL:gene799_ybhL:exon1:c.G567A:p.L189L, MG1655
MG1655,	848028,	G->T,	0.0 100.0 200.0 300.0 400.0 500.0 600.0 700.0 800.0 900.0 1000.0,	1 0 7 0 2 0 0 0 0 0 0,	137 130 120 77 105 129 102 86 115 83 105,	upstream;downstream gene823_glnP,gene824_glnH;gene825_dps
MG1655,	873062,	C->T,	0.0 100.0 200.0 300.0 400.0 500.0 600.0 700.0 800.0 900.0 1000.0,	4 9 5 3 4 1 4 3 5 1 3,	156 146 158 106 131 144 135 107 104 87 136,	synonymous SNV gene846_yliE:gene846_yliE:exon1:c.C84T:p.F28F, MG1655
MG1655,	875408,	G->A,	0.0 100.0 200.0 300.0 400.0 500.0 600.0 700.0 800.0 900.0 1000.0,	4 5 3 7 6 5 7 2 3 5 5,	298 241 194 134 237 184 211 153 178 135 180,	nonsynonymous SNV gene847_yliF:gene847_yliF:exon1:c.G74A:p.G25E, MG1655
MG1655,	876183,	C->A,	0.0 100.0 200.0 300.0 400.0 500.0 600.0 700.0 800.0 900.0 1000.0,	2 0 4 0 1 7 4 2 1 2 3,	210 158 133 110 153 123 146 99 143 108 129,	synonymous SNV gene847_yliF:gene847_yliF:exon1:c.C849A:p.A283A, MG1655
MG1655,	876189,	C->A,	0.0 100.0 200.0 300.0 400.0 500.0 600.0 700.0 800.0 900.0 1000.0,	5 1 2 0 2 7 3 5 0 2 3,	206 160 132 109 156 122 143 108 132 116 127,	synonymous SNV gene847_yliF:gene847_yliF:exon1:c.C855A:p.V285V, MG1655
MG1655,	880704,	G->T,	0.0 100.0 200.0 300.0 400.0 500.0 600.0 700.0 800.0 900.0 1000.0,	3 5 4 5 3 6 4 5 1 1 2,	156 127 133 85 130 114 115 76 119 67 127,	upstream;downstream gene851_gstB,gene852_dacC;gene850_yliI
MG1655,	893863,	C->A,	0.0 100.0 200.0 300.0 400.0 500.0 600.0 700.0 800.0 900.0 1000.0,	5 4 3 1 5 7 8 2 2 6 4,	169 116 124 80 141 149 137 96 119 103 139,	nonsynonymous SNV gene868_potF:gene868_potF:exon1:c.C80A:p.A27D, MG1655
MG1655,	893865,	G->A,	0.0 100.0 200.0 300.0 400.0 500.0 600.0 700.0 800.0 900.0 1000.0,	3 3 5 2 4 4 8 1 1 4 4,	168 120 125 89 149 159 129 97 119 102 145,	nonsynonymous SNV gene868_potF:gene868_potF:exon1:c.G82A:p.E28K, MG1655
MG1655,	893868,	C->A,	0.0 100.0 200.0 300.0 400.0 500.0 600.0 700.0 800.0 900.0 1000.0,	4 5 6 1 5 6 7 2 2 5 4,	178 121 131 91 148 169 135 102 125 104 150,	nonsynonymous SNV gene868_potF:gene868_potF:exon1:c.C85A:p.Q29K, MG1655
MG1655,	932329,	G->A,	0.0 100.0 200.0 300.0 400.0 500.0 600.0 700.0 800.0 900.0 1000.0,	5 10 2 5 3 4 10 4 5 0 8,	242 234 210 126 221 180 196 152 167 117 158,	upstream gene902_trxB,gene903_lrp,gene904_ftsK
MG1655,	932332,	G->A,	0.0 100.0 200.0 300.0 400.0 500.0 600.0 700.0 800.0 900.0 1000.0,	7 8 0 6 6 5 8 5 1 4 9,	250 238 218 135 222 190 200 159 161 123 161,	upstream gene902_trxB,gene903_lrp,gene904_ftsK
MG1655,	985838,	indel;T-1;T+A,	0.0 100.0 200.0 300.0 400.0 500.0 600.0 700.0 800.0 900.0 1000.0,	0 1 2 2 1 1 1 2 3 5 0,	161 176 150 113 136 149 130 115 154 86 128,	upstream;downstream gene942_aspC;gene943_ompF
MG1655,	987162,	C->A,	0.0 100.0 200.0 300.0 400.0 500.0 600.0 700.0 800.0 900.0 1000.0,	0 4 6 2 8 3 1 1 2 5 3,	134 131 150 92 140 108 112 76 120 102 108,	upstream;downstream gene943_ompF;gene944_asnS
MG1655,	1010982,	C->T,	0.0 100.0 200.0 300.0 400.0 500.0 600.0 700.0 800.0 900.0 1000.0,	2 1 0 3 0 1 0 1 0 0 0,	104 88 66 58 69 69 59 72 62 58 67,	nonsynonymous SNV gene963_uup:gene963_uup:exon1:c.C1019T:p.A340V, MG1655
MG1655,	1018968,	indel;C+A;C-1,	0.0 100.0 200.0 300.0 400.0 500.0 600.0 700.0 800.0 900.0 1000.0,	0 2 4 0 1 1 1 4 4 2 4,	128 88 104 79 89 99 98 80 106 88 98,	upstream;downstream gene969_ycbZ;gene970_matP,gene971_ompA
MG1655,	1029728,	C->A,	0.0 100.0 200.0 300.0 400.0 500.0 600.0 700.0 800.0 900.0 1000.0,	2 0 0 0 2 2 0 1 4 1 1,	91 91 80 45 63 64 49 40 76 52 49,	nonsynonymous SNV gene981_rlmI:gene981_rlmI:exon1:c.G242T:p.R81L, MG1655
MG1655,	1031581,	C->A,	0.0 100.0 200.0 300.0 400.0 500.0 600.0 700.0 800.0 900.0 1000.0,	2 2 2 3 4 7 1 3 3 0 3,	141 138 136 105 148 136 108 124 116 84 133,	upstream;downstream gene983_tusE,gene984_yccA,gene986_hyaA;gene985_serT
MG1655,	1039943,	G->T,	0.0 100.0 200.0 300.0 400.0 500.0 600.0 700.0 800.0 900.0 1000.0,	1 0 2 4 2 1 1 0 2 2 1,	142 131 107 76 102 125 91 91 113 77 102,	nonsynonymous SNV gene993_cbdB:gene993_cbdB:exon1:c.G648T:p.L216F, MG1655
MG1655,	1062996,	G->T,	0.0 100.0 200.0 300.0 400.0 500.0 600.0 700.0 800.0 900.0 1000.0,	5 6 2 2 2 1 0 1 2 2 4,	135 103 105 62 104 100 90 68 90 71 94,	nonsynonymous SNV gene1017_cbpA:gene1017_cbpA:exon1:c.C780A:p.S260R, MG1655
MG1655,	1075837,	G->T,	0.0 100.0 200.0 300.0 400.0 500.0 600.0 700.0 800.0 900.0 1000.0,	1 4 2 1 1 4 2 0 1 4 0,	182 124 113 65 99 110 89 82 101 80 106,	nonsynonymous SNV gene1031_putA:gene1031_putA:exon1:c.C3046A:p.Q1016K, MG1655
MG1655,	1105471,	G->T,	0.0 100.0 200.0 300.0 400.0 500.0 600.0 700.0 800.0 900.0 1000.0,	2 4 1 1 2 4 3 3 7 3 0,	196 169 117 97 144 128 138 101 123 111 113,	nonsynonymous SNV gene1058_ymdA:gene1058_ymdA:exon1:c.G58T:p.A20S, MG1655
MG1655,	1107350,	C->A,	0.0 100.0 200.0 300.0 400.0 500.0 600.0 700.0 800.0 900.0 1000.0,	4 7 4 1 3 5 9 5 2 2 2,	265 178 168 99 164 155 156 122 151 130 136,	synonymous SNV gene1060_clsC:gene1060_clsC:exon1:c.C996A:p.R332R, MG1655
MG1655,	1114930,	G->A,	0.0 100.0 200.0 300.0 400.0 500.0 600.0 700.0 800.0 900.0 1000.0,	2 1 1 1 0 2 7 0 2 3 3,	217 124 129 77 107 101 109 79 95 86 100,	synonymous SNV gene1066_mdtG:gene1066_mdtG:exon1:c.C561T:p.F187F, MG1655
MG1655,	1116638,	G->T,	0.0 100.0 200.0 300.0 400.0 500.0 600.0 700.0 800.0 900.0 1000.0,	1 3 1 3 3 6 3 3 2 0 6,	165 159 145 97 155 149 128 103 138 97 119,	upstream gene1067_lpxL,gene1068_yceA
MG1655,	1121139,	G->T,	0.0 100.0 200.0 300.0 400.0 500.0 600.0 700.0 800.0 900.0 1000.0,	2 1 1 1 2 2 0 0 0 4 0,	87 113 99 83 94 106 87 86 74 69 71,	upstream;downstream gene1072_solA,gene1073_bssS;gene1074_dinI,gene1075_pyrC
MG1655,	1128598,	G->T,	0.0 100.0 200.0 300.0 400.0 500.0 600.0 700.0 800.0 900.0 1000.0,	4 2 5 1 0 2 1 5 1 2 1,	212 134 112 83 110 125 96 85 103 69 102,	nonsynonymous SNV gene1082_murJ:gene1082_murJ:exon1:c.G760T:p.A254S, MG1655
MG1655,	1176817,	A->C,	0.0 100.0 200.0 300.0 400.0 500.0 600.0 700.0 800.0 900.0 1000.0,	0 0 0 0 2 0 0 0 2 0 0,	77 53 46 26 49 45 51 42 37 40 60,	nonsynonymous SNV gene1131_lolD:gene1131_lolD:exon1:c.A199C:p.I67L, MG1655
MG1655,	1179629,	C->A,	0.0 100.0 200.0 300.0 400.0 500.0 600.0 700.0 800.0 900.0 1000.0,	0 3 0 4 1 0 0 0 0 0 3,	116 103 103 77 98 101 101 64 99 69 73,	upstream;downstream gene1134_cobB;gene1133_nagK,gene1135_ycfZ
MG1655,	1,	junction_1_1_4640467_-1,	0 100 200 300 400 500 600 700 800 900 1000,	167 137 116 83 129 130 128 132 148 107 119,	167.0 137.0 116.0 83.0 129.0 130.0 128.0 132.0 148.0 107.0 119.0
MG1655,	103486,	indel;-3,	0 100 200 300 400 500 600 700 800 900 1000,	0 0 0 14 2 0 0 0 0 0 0,	287.0 213.5 191.0 124.0 195.0 181.0 209.5 146.5 199.5 142.5 198.5
MG1655,	257907,	junction_257907_-1_258684_1,	0 100 200 300 400 500 600 700 800 900 1000,	116 116 96 70 128 130 119 88 112 81 121,	116.0 116.0 96.0 70.0 128.0 130.0 119.0 88.0 112.0 81.0 121.0
MG1655,	360253,	junction_360253_1_360279_1,	0 100 200 300 400 500 600 700 800 900 1000,	6 3 2 6 7 8 3 4 9 3 9,	174.8 134.6 125.3 114.1 136.8 142.6 149.1 119.9 164.1 125.2 179.5
MG1655,	414826,	junction_414826_-1_414832_-1,	0 100 200 300 400 500 600 700 800 900 1000,	2 2 4 5 4 5 1 7 2 8 12,	181.4 140.3 163.3 117.3 155.8 180.8 176.6 158.7 184.6 113.6 193.8
MG1655,	490907,	indel;+TGGC,	0 100 200 300 400 500 600 700 800 900 1000,	10 9 6 4 16 3 10 10 16 71 97,	190.0 129.0 175.5 103.7 154.1 146.9 147.6 128.9 141.6 130.3 124.5
MG1655,	780409,	junction_780409_-1_780419_-1,	0 100 200 300 400 500 600 700 800 900 1000,	21 7 18 10 9 11 18 13 14 9 14,	500.0 382.0 365.3 230.3 413.0 402.7 348.1 270.0 261.0 293.6 323.0
MG1655,	781322,	junction_781322_-1_REP70 (repetitive extragenic palindromic) element_start,	0 100 200 300 400 500 600 700 800 900 1000,	0 2 1 0 1 1 0 0 13 0 0,	189.6 152.5 142.7 104.6 140.8 150.5 118.2 90.9 127.3 125.1 129.0
MG1655,	781446,	junction_781446_-1_2521361_-1,	0 100 200 300 400 500 600 700 800 900 1000,	3 9 17 4 11 6 8 6 13 7 6,	251.0 199.0 220.0 139.0 182.0 190.0 203.0 166.0 198.0 170.0 203.0
MG1655,	781839,	junction_781839_-1_REP70 (repetitive extragenic palindromic) element_start,	0 100 200 300 400 500 600 700 800 900 1000,	6 0 0 0 7 5 2 8 0 7 5,	134.0 98.9 106.6 63.0 108.5 100.4 102.5 110.4 119.9 85.7 108.2
MG1655,	942955,	indel;-30,	0 100 200 300 400 500 600 700 800 900 1000,	7 3 7 3 6 2 3 3 3 1 0,	185.5 142.0 137.5 95.5 147.0 124.0 109.0 93.0 98.0 77.5 109.0
MG1655,	1207790,	junction_1207790_1_1209619_1,	0 100 200 300 400 500 600 700 800 900 1000,	232 86 59 63 59 89 76 44 69 40 73,	316.6 208.2 189.9 145.6 173.1 196.1 177.2 133.4 165.5 122.6 192.3
MG1655,	1207805,	junction_1207805_-1_1209602_-1,	0 100 200 300 400 500 600 700 800 900 1000,	120 59 45 38 48 45 43 34 44 36 39,	208.7 180.4 183.3 123.9 166.2 162.7 149.9 122.5 144.6 123.5 162.4
MG1655,	1299498,	junction_1299498_-1_1300698_1,	0 100 200 300 400 500 600 700 800 900 1000,	185 194 188 122 203 204 166 132 147 103 146,	185.0 194.0 188.0 122.0 203.0 204.0 166.0 132.0 147.0 103.0 147.0
MG1655,	1777231,	junction_1777231_-1_IS1D_end,	0 100 200 300 400 500 600 700 800 900 1000,	192 128 132 90 99 143 121 96 118 89 110,	192.0 128.0 132.0 90.0 99.0 143.0 121.0 96.0 118.0 89.0 111.0
MG1655,	1784297,	junction_1784297_1_IS1H_start,	0 100 200 300 400 500 600 700 800 900 1000,	167 132 133 98 144 133 110 77 114 87 117,	167.0 132.0 133.0 98.0 144.0 133.0 110.0 77.0 114.0 87.0 117.0
MG1655,	1978502,	junction_1978502_-1_1979279_1,	0 100 200 300 400 500 600 700 800 900 1000,	207 201 200 120 170 163 137 106 158 117 141,	207.0 201.0 200.0 120.0 170.0 163.0 137.0 106.0 158.0 117.0 141.0
MG1655,	2686957,	junction_2686957_1_IS5K_start,	0 100 200 300 400 500 600 700 800 900 1000,	7 15 10 12 109 109 155 135 177 134 161,	153.0 130.0 134.0 87.0 155.0 150.0 155.0 136.0 180.0 136.0 161.0
MG1655,	2686960,	junction_2686960_-1_IS5K_end,	0 100 200 300 400 500 600 700 800 900 1000,	8 9 12 9 77 81 89 79 83 94 116,	144.0 113.0 120.0 79.0 120.0 117.0 89.0 80.0 84.0 96.0 117.0
MG1655,	2798574,	junction_2798574_1_IS1E_end,	0 100 200 300 400 500 600 700 800 900 1000,	0 0 5 16 65 46 2 0 0 1 0,	169.0 220.0 169.0 132.0 164.0 185.0 205.0 136.0 186.0 117.0 156.0
MG1655,	2798581,	junction_2798581_-1_IS1E_start,	0 100 200 300 400 500 600 700 800 900 1000,	0 2 4 10 59 53 2 0 2 0 3,	166.0 211.0 161.0 128.0 159.0 192.0 197.0 131.0 174.0 117.0 158.0
MG1655,	3162758,	junction_3162758_1_IS1E_start,	0 100 200 300 400 500 600 700 800 900 1000,	0 0 0 0 0 0 0 0 5 11 11,	189.8 117.6 169.0 88.0 150.3 139.4 156.2 140.4 155.3 88.1 164.2
MG1655,	3162767,	junction_3162767_-1_IS1E_end,	0 100 200 300 400 500 600 700 800 900 1000,	0 0 0 0 0 0 0 0 4 15 10,	209.0 128.0 182.0 95.0 162.0 148.0 159.0 140.0 164.0 95.0 189.0
MG1655,	3381839,	junction_3381839_1_3381869_1,	0 100 200 300 400 500 600 700 800 900 1000,	3 3 5 5 3 4 10 7 7 9 8,	255.5 211.4 166.7 119.9 187.6 165.3 194.9 171.9 225.9 186.4 193.2
MG1655,	3549918,	junction_3549918_1_3549940_1,	0 100 200 300 400 500 600 700 800 900 1000,	1 3 2 8 2 4 7 6 7 9 8,	204.9 191.1 178.2 143.4 203.4 158.1 277.8 200.2 225.7 190.3 257.2
MG1655,	3708441,	junction_3708441_-1_3708582_-1,	0 100 200 300 400 500 600 700 800 900 1000,	3 4 1 0 2 1 1 1 1 1 2,	117.1 72.6 89.9 52.9 79.5 87.6 120.0 90.9 132.2 99.4 134.0
MG1655,	3815105,	junction_3815105_-1_3815109_-1,	0 100 200 300 400 500 600 700 800 900 1000,	2 0 4 4 8 0 4 2 4 3 4,	155.3 124.7 117.1 85.3 138.9 137.1 159.9 159.3 197.6 137.1 192.7
MG1655,	4171803,	junction_4171803_-1_REP311 (repetitive extragenic palindromic) element_start,	0 100 200 300 400 500 600 700 800 900 1000,	7 2 5 0 8 7 5 6 4 0 7,	66.6 53.8 83.2 45.0 91.1 74.4 92.0 88.1 108.6 66.5 100.8
MG1655,	4171847,	junction_4171847_-1_4171852_-1,	0 100 200 300 400 500 600 700 800 900 1000,	8 3 10 4 13 3 7 7 5 4 13,	31.4 22.7 42.8 20.0 48.8 25.5 32.2 39.1 35.9 32.3 54.3
MG1655,	4203664,	junction_4203664_1_4203690_1,	0 100 200 300 400 500 600 700 800 900 1000,	13 3 13 8 15 9 7 14 12 8 9,	210.0 185.6 206.4 138.2 172.0 175.7 194.1 165.4 261.2 169.6 238.9
MG1655,	4541497,	junction_4541497_1_4541811_1,	0 100 200 300 400 500 600 700 800 900 1000,	7.33333 30.6506 123.561 73.3735 84.9036 107.964 126.902 119.494 143.602 85 145.699,	258.6 240.3 143.7 93.3 185.4 184.9 133.1 121.4 150.8 86.0 151.4
MG1655,	4541505,	junction_4541505_-1_4541801_-1,	0 100 200 300 400 500 600 700 800 900 1000,	15 42 106 80 89 113 206 118 149 113 165,	257.2 247.8 125.4 99.1 186.8 185.6 212.5 119.8 156.4 114.0 171.4
MG1655,	4541646,	junction_4541646_1_IS5K_end,	0 100 200 300 400 500 600 700 800 900 1000,	0 0 110 71 108 114 197 136 160 118 178,	200.0 175.0 147.0 86.0 169.0 167.0 200.0 137.0 163.0 118.0 184.0
MG1655,	4541649,	junction_4541649_-1_IS5K_start,	0 100 200 300 400 500 600 700 800 900 1000,	9 10 130 96 110 123 198 185 181 111 184,	231.0 200.0 174.0 114.0 180.0 179.0 201.0 186.0 185.0 111.0 191.0
