MG1655,	6495,	C->A,	0.0 100.0 200.0 300.0 400.0 500.0 600.0 700.0 800.0 900.0 1000.0,	4 2 1 6 8 2 4 2 2 4 0,	171 172 141 118 195 131 109 140 180 151 69,	upstream;downstream gene5_yaaA;gene4_yaaX,gene6_yaaJ
MG1655,	11362,	G->T,	0.0 100.0 200.0 300.0 400.0 500.0 600.0 700.0 800.0 900.0 1000.0,	0 4 8 3 2 3 1 4 1 3 1,	132 141 143 119 179 130 114 133 128 161 97,	upstream;downstream gene10_yaaW,gene12_dnaK,gene9_satP;gene11_yaaI
MG1655,	14064,	C->A,	0.0 100.0 200.0 300.0 400.0 500.0 600.0 700.0 800.0 900.0 1000.0,	5 7 3 2 3 4 3 2 0 5 1,	155 133 124 108 170 117 120 130 133 146 104,	synonymous SNV gene12_dnaK:gene12_dnaK:exon1:c.C1902A:p.V634V, MG1655
MG1655,	34111,	indel;G-2;G-1;G+C;G+T;G+TT,	0.0 100.0 200.0 300.0 400.0 500.0 600.0 700.0 800.0 900.0 1000.0,	7 12 9 7 18 14 8 4 8 7 1,	271 322 250 222 379 252 237 251 208 222 69,	upstream;downstream gene33_caiF;gene32_carB,gene34_caiE
MG1655,	34121,	G->T,	0.0 100.0 200.0 300.0 400.0 500.0 600.0 700.0 800.0 900.0 1000.0,	20 22 18 14 33 26 23 22 24 21 4,	249 312 229 195 361 233 218 240 191 219 60,	upstream;downstream gene33_caiF;gene32_carB,gene34_caiE
MG1655,	34122,	C->T,	0.0 100.0 200.0 300.0 400.0 500.0 600.0 700.0 800.0 900.0 1000.0,	9 11 7 9 14 16 7 9 14 7 1,	233 304 213 193 351 222 205 235 184 215 57,	upstream;downstream gene33_caiF;gene32_carB,gene34_caiE
MG1655,	34123,	C->T,	0.0 100.0 200.0 300.0 400.0 500.0 600.0 700.0 800.0 900.0 1000.0,	8 11 8 3 13 10 6 7 10 3 1,	232 309 212 188 330 221 205 242 174 204 58,	upstream;downstream gene33_caiF;gene32_carB,gene34_caiE
MG1655,	34124,	C->T,	0.0 100.0 200.0 300.0 400.0 500.0 600.0 700.0 800.0 900.0 1000.0,	7 9 8 1 12 11 4 6 10 6 1,	244 308 219 189 364 232 216 246 179 226 61,	upstream;downstream gene33_caiF;gene32_carB,gene34_caiE
MG1655,	36180,	G->T,	0.0 100.0 200.0 300.0 400.0 500.0 600.0 700.0 800.0 900.0 1000.0,	8 6 3 4 8 8 5 3 3 5 2,	171 183 162 129 210 144 145 158 183 179 80,	upstream;downstream gene34_caiE,gene35_caiD;gene36_caiC
MG1655,	68900,	G->T,	0.0 100.0 200.0 300.0 400.0 500.0 600.0 700.0 800.0 900.0 1000.0,	3 1 1 0 1 0 0 2 1 4 0,	89 98 54 55 109 69 67 90 120 75 171,	synonymous SNV gene61_araB:gene61_araB:exon1:c.C1149A:p.A383A, MG1655
MG1655,	107544,	indel;G-1;G+T,	0.0 100.0 200.0 300.0 400.0 500.0 600.0 700.0 800.0 900.0 1000.0,	6 3 8 4 6 7 0 5 4 6 5,	167 208 143 148 212 129 130 144 169 170 75,	upstream;downstream gene96_secM,gene97_secA;gene95_lpxC
MG1655,	107554,	G->T,	0.0 100.0 200.0 300.0 400.0 500.0 600.0 700.0 800.0 900.0 1000.0,	3 3 7 6 6 6 2 4 6 7 4,	161 200 126 139 199 118 127 137 155 159 63,	upstream;downstream gene96_secM,gene97_secA;gene95_lpxC
MG1655,	201041,	T->C,	0.0 100.0 200.0 300.0 400.0 500.0 600.0 700.0 800.0 900.0 1000.0,	7 4 10 5 2 3 3 4 3 4 0,	264 261 198 182 304 171 163 204 185 197 200,	nonsynonymous SNV gene176_lpxD:gene176_lpxD:exon1:c.T71C:p.V24A, MG1655
MG1655,	294862,	C->A,	0.0 100.0 200.0 300.0 400.0 500.0 600.0 700.0 800.0 900.0 1000.0,	0 0 1 0 0 0 2 1 0 1 2,	224 214 179 158 238 158 163 199 168 185 29,	upstream;downstream gene285_yagL,gene286_yagM;gene287_yagN,gene288_intF
MG1655,	296488,	C->T,	0.0 100.0 200.0 300.0 400.0 500.0 600.0 700.0 800.0 900.0 1000.0,	234 213 180 135 241 153 130 179 168 166 131,	234 213 180 135 241 153 130 179 168 166 131,	synonymous SNV gene288_intF:gene288_intF:exon1:c.G609A:p.E203E, MG1655
MG1655,	324738,	G->T,	0.0 100.0 200.0 300.0 400.0 500.0 600.0 700.0 800.0 900.0 1000.0,	9 1 3 2 6 9 5 5 1 3 0,	254 258 191 158 270 177 172 183 162 201 55,	synonymous SNV gene321_ykgH:gene321_ykgH:exon1:c.C627A:p.V209V, MG1655
MG1655,	380012,	indel;A+GGG;A+T;A-1;A-2;A+G;A+GG,	0.0 100.0 200.0 300.0 400.0 500.0 600.0 700.0 800.0 900.0 1000.0,	11 29 19 21 29 19 18 27 20 23 6,	258 335 299 205 344 263 203 276 219 301 107,	upstream;downstream gene365_frmA,gene366_frmR;gene367_yaiO,gene368_yaiX
MG1655,	1220459,	G->A,	0.0 100.0 200.0 300.0 400.0 500.0 600.0 700.0 800.0 900.0 1000.0,	1 2 1 1 1 1 0 0 0 0 2,	279 188 228 187 296 238 180 159 130 210 19,	unknown UNKNOWN MG1655
MG1655,	1233618,	A->G,	0.0 100.0 200.0 300.0 400.0 500.0 600.0 700.0 800.0 900.0 1000.0,	0 1 0 4 0 3 0 1 2 2 1,	164 95 126 71 192 85 81 96 104 124 145,	nonsynonymous SNV gene1203_nhaB:gene1203_nhaB:exon1:c.T1100C:p.I367T, MG1655
MG1655,	1245398,	C->A,	0.0 100.0 200.0 300.0 400.0 500.0 600.0 700.0 800.0 900.0 1000.0,	4 3 2 2 2 3 0 1 1 5 2,	164 138 158 118 145 98 112 134 122 120 21,	nonsynonymous SNV gene1213_ycgY:gene1213_ycgY:exon1:c.C239A:p.P80Q, MG1655
MG1655,	1245405,	C->A,	0.0 100.0 200.0 300.0 400.0 500.0 600.0 700.0 800.0 900.0 1000.0,	6 6 2 2 4 2 1 2 2 3 2,	160 136 162 124 156 101 119 133 130 121 20,	nonsynonymous SNV gene1213_ycgY:gene1213_ycgY:exon1:c.C246A:p.S82R, MG1655
MG1655,	1284010,	C->A,	0.0 100.0 200.0 300.0 400.0 500.0 600.0 700.0 800.0 900.0 1000.0,	3 1 0 0 0 3 1 2 5 0 1,	107 82 95 63 73 63 58 77 82 71 140,	nonsynonymous SNV gene1248_narH:gene1248_narH:exon1:c.C407A:p.A136E, MG1655
MG1655,	1286965,	A->G,	0.0 100.0 200.0 300.0 400.0 500.0 600.0 700.0 800.0 900.0 1000.0,	3 2 0 2 1 4 0 2 0 1 0,	143 83 90 87 96 66 61 75 114 93 228,	downstream gene1250_narI,gene1251_rttR,gene1252_tpr,gene1253_tyrV,gene1254_tyrT,gene1255_purU
MG1655,	1348722,	A->G,	0.0 100.0 200.0 300.0 400.0 500.0 600.0 700.0 800.0 900.0 1000.0,	0 0 0 0 0 0 0 0 13 8 106,	110 83 90 70 133 80 69 93 150 108 147,	nonsynonymous SNV gene1313_rnb:gene1313_rnb:exon1:c.T191C:p.I64T, MG1655
MG1655,	1370047,	G->T,	0.0 100.0 200.0 300.0 400.0 500.0 600.0 700.0 800.0 900.0 1000.0,	5 2 2 3 4 1 1 2 6 3 1,	200 106 135 126 175 132 99 119 117 119 83,	upstream;downstream gene1336_ycjM;gene1333_pspC,gene1334_pspD,gene1335_pspE
MG1655,	1390704,	G->T,	0.0 100.0 200.0 300.0 400.0 500.0 600.0 700.0 800.0 900.0 1000.0,	4 4 3 2 8 7 3 5 2 4 0,	219 150 177 143 202 139 108 124 116 151 56,	upstream;downstream gene1353_mpaA;gene1352_ycjG,gene1354_ymjC,gene1355_ymjD,gene1356_ycjY
MG1655,	1390706,	C->T,	0.0 100.0 200.0 300.0 400.0 500.0 600.0 700.0 800.0 900.0 1000.0,	0 3 0 0 3 7 1 2 2 1 0,	202 147 172 133 194 139 99 118 112 145 53,	upstream;downstream gene1353_mpaA;gene1352_ycjG,gene1354_ymjC,gene1355_ymjD,gene1356_ycjY
MG1655,	1390708,	G->T,	0.0 100.0 200.0 300.0 400.0 500.0 600.0 700.0 800.0 900.0 1000.0,	2 2 3 0 3 7 3 3 2 1 0,	206 143 179 138 197 136 103 116 113 149 54,	upstream;downstream gene1353_mpaA;gene1352_ycjG,gene1354_ymjC,gene1355_ymjD,gene1356_ycjY
MG1655,	1400834,	C->A,	0.0 100.0 200.0 300.0 400.0 500.0 600.0 700.0 800.0 900.0 1000.0,	4 4 5 3 7 3 7 3 1 3 3,	183 120 166 135 195 130 111 129 129 136 82,	nonsynonymous SNV gene1365_abgT:gene1365_abgT:exon1:c.G940T:p.V314F, MG1655
MG1655,	1421451,	C->A,	0.0 100.0 200.0 300.0 400.0 500.0 600.0 700.0 800.0 900.0 1000.0,	0 2 3 1 1 8 1 0 2 4 1,	142 92 113 80 139 111 74 101 118 94 105,	synonymous SNV gene1392_ydaU:gene1392_ydaU:exon1:c.C333A:p.T111T, MG1655
MG1655,	1434830,	C->A,	0.0 100.0 200.0 300.0 400.0 500.0 600.0 700.0 800.0 900.0 1000.0,	4 4 6 3 4 9 4 6 4 3 1,	193 151 170 131 204 141 107 103 136 127 92,	upstream;downstream gene1406_ynaE;gene1407_ttcC,gene1408_uspF,gene1409_ompN
MG1655,	1434839,	C->A,	0.0 100.0 200.0 300.0 400.0 500.0 600.0 700.0 800.0 900.0 1000.0,	10 11 6 5 8 11 4 8 6 7 1,	187 140 174 120 198 138 106 104 130 125 85,	upstream;downstream gene1406_ynaE;gene1407_ttcC,gene1408_uspF,gene1409_ompN
MG1655,	1434850,	C->A,	0.0 100.0 200.0 300.0 400.0 500.0 600.0 700.0 800.0 900.0 1000.0,	7 9 8 7 10 4 3 2 3 5 0,	186 139 183 128 184 122 101 107 121 129 71,	upstream;downstream gene1406_ynaE;gene1407_ttcC,gene1408_uspF,gene1409_ompN
MG1655,	1437222,	indel;C+T;C-1,	0.0 100.0 200.0 300.0 400.0 500.0 600.0 700.0 800.0 900.0 1000.0,	1 0 2 3 5 0 3 2 5 3 3,	142 98 122 87 141 103 77 110 100 93 90,	ncRNA_exonic gene1410_micC
MG1655,	1465245,	C->T,	0.0 100.0 200.0 300.0 400.0 500.0 600.0 700.0 800.0 900.0 1000.0,	2 0 6 2 1 0 0 1 0 0 0,	75 63 120 77 93 98 74 88 29 41 1,	upstream;downstream gene1435_ynbG,gene1436_ydbA;gene1433_paaX,gene1434_paaY
MG1655,	1502328,	C->T,	0.0 100.0 200.0 300.0 400.0 500.0 600.0 700.0 800.0 900.0 1000.0,	1 0 0 5 4 2 1 1 2 1 1,	151 110 113 99 140 112 70 106 94 111 60,	upstream;downstream gene1466_ydcL;gene1464_tehA,gene1465_tehB,gene1467_insP
MG1655,	1505307,	G->A,	0.0 100.0 200.0 300.0 400.0 500.0 600.0 700.0 800.0 900.0 1000.0,	2 1 3 3 4 4 0 0 1 1 0,	124 108 100 84 136 80 83 91 84 77 97,	synonymous SNV gene1469_ydcO:gene1469_ydcO:exon1:c.C774T:p.S258S, MG1655
MG1655,	1505308,	G->A,	0.0 100.0 200.0 300.0 400.0 500.0 600.0 700.0 800.0 900.0 1000.0,	2 1 0 2 3 4 1 1 1 2 0,	127 112 99 89 145 80 84 92 91 85 105,	nonsynonymous SNV gene1469_ydcO:gene1469_ydcO:exon1:c.C773T:p.S258F, MG1655
MG1655,	1505453,	G->A,	0.0 100.0 200.0 300.0 400.0 500.0 600.0 700.0 800.0 900.0 1000.0,	4 6 4 5 3 2 7 1 5 6 1,	155 119 135 109 155 145 103 91 114 112 122,	nonsynonymous SNV gene1469_ydcO:gene1469_ydcO:exon1:c.C628T:p.H210Y, MG1655
MG1655,	1505455,	G->A,	0.0 100.0 200.0 300.0 400.0 500.0 600.0 700.0 800.0 900.0 1000.0,	4 5 4 2 2 2 7 3 5 2 1,	159 115 141 109 154 142 103 93 114 109 125,	nonsynonymous SNV gene1469_ydcO:gene1469_ydcO:exon1:c.C626T:p.A209V, MG1655
MG1655,	1505456,	C->A,	0.0 100.0 200.0 300.0 400.0 500.0 600.0 700.0 800.0 900.0 1000.0,	4 9 8 6 5 8 9 6 6 10 3,	153 110 137 109 155 143 98 92 109 111 115,	nonsynonymous SNV gene1469_ydcO:gene1469_ydcO:exon1:c.G625T:p.A209S, MG1655
MG1655,	1505460,	C->A,	0.0 100.0 200.0 300.0 400.0 500.0 600.0 700.0 800.0 900.0 1000.0,	4 7 6 3 2 4 8 5 6 7 4,	155 120 139 106 160 152 106 96 120 119 122,	synonymous SNV gene1469_ydcO:gene1469_ydcO:exon1:c.G621T:p.S207S, MG1655
MG1655,	1505461,	G->A,	0.0 100.0 200.0 300.0 400.0 500.0 600.0 700.0 800.0 900.0 1000.0,	3 8 5 3 2 3 6 4 6 7 1,	157 120 146 115 172 158 109 100 124 125 116,	nonsynonymous SNV gene1469_ydcO:gene1469_ydcO:exon1:c.C620T:p.S207L, MG1655
MG1655,	1510780,	C->A,	0.0 100.0 200.0 300.0 400.0 500.0 600.0 700.0 800.0 900.0 1000.0,	4 1 2 1 3 4 4 2 1 2 0,	128 93 115 92 124 115 77 89 104 102 141,	nonsynonymous SNV gene1475_ydcR:gene1475_ydcR:exon1:c.C778A:p.Q260K, MG1655
MG1655,	1530067,	C->A,	0.0 100.0 200.0 300.0 400.0 500.0 600.0 700.0 800.0 900.0 1000.0,	1 4 1 1 0 1 2 0 0 0 0,	62 50 92 55 87 79 68 74 39 59 0,	nonsynonymous SNV gene1494_ydcD:gene1494_ydcD:exon1:c.C146A:p.S49Y, MG1655
MG1655,	1531549,	C->T,	0.0 100.0 200.0 300.0 400.0 500.0 600.0 700.0 800.0 900.0 1000.0,	0 0 0 0 0 0 2 0 0 0 2,	317 181 259 184 288 235 168 189 151 210 37,	unknown UNKNOWN MG1655
MG1655,	1552400,	A->T,	0.0 100.0 200.0 300.0 400.0 500.0 600.0 700.0 800.0 900.0 1000.0,	5 0 0 1 2 2 3 4 1 7 1,	163 108 138 101 145 144 104 117 105 119 82,	stoploss gene1512_yddM:gene1512_yddM:exon1:c.T283A:p.X95K, MG1655
MG1655,	1552403,	G->T,	0.0 100.0 200.0 300.0 400.0 500.0 600.0 700.0 800.0 900.0 1000.0,	9 2 2 1 3 3 4 4 1 7 1,	156 98 130 92 143 139 93 107 104 111 82,	nonsynonymous SNV gene1512_yddM:gene1512_yddM:exon1:c.C280A:p.Q94K, MG1655
MG1655,	1563548,	G->T,	0.0 100.0 200.0 300.0 400.0 500.0 600.0 700.0 800.0 900.0 1000.0,	0 1 0 0 3 1 4 1 0 1 0,	137 104 107 96 137 89 72 90 98 96 109,	nonsynonymous SNV gene1524_dosP:gene1524_dosP:exon1:c.C2186A:p.T729N, MG1655
MG1655,	1607339,	T->A,	0.0 100.0 200.0 300.0 400.0 500.0 600.0 700.0 800.0 900.0 1000.0,	2 1 3 0 1 1 0 4 0 1 0,	152 120 129 96 153 119 77 75 106 115 71,	upstream;downstream gene1553_tam;gene1551_lsrF,gene1552_lsrG,gene1554_yneE
MG1655,	1611549,	G->C,	0.0 100.0 200.0 300.0 400.0 500.0 600.0 700.0 800.0 900.0 1000.0,	0 2 3 1 3 3 0 5 0 2 1,	174 111 128 107 132 120 70 96 83 113 100,	synonymous SNV gene1556_yneF:gene1556_yneF:exon1:c.C306G:p.V102V, MG1655
MG1655,	1624349,	indel;A-1;A-2;A+T,	0.0 100.0 200.0 300.0 400.0 500.0 600.0 700.0 800.0 900.0 1000.0,	1 0 3 0 3 5 2 1 2 0 1,	131 106 128 122 152 93 71 99 109 99 98,	frameshift substitution gene1572_ydeI:gene1572_ydeI:exon1:c.149_149delinsAT, MG1655
MG1655,	1638710,	C->A,	0.0 100.0 200.0 300.0 400.0 500.0 600.0 700.0 800.0 900.0 1000.0,	2 2 4 2 1 8 2 2 1 2 1,	185 101 155 112 176 133 92 112 121 105 15,	intronic gene1579_ydfJ
MG1655,	1638712,	G->A,	0.0 100.0 200.0 300.0 400.0 500.0 600.0 700.0 800.0 900.0 1000.0,	3 2 5 2 2 9 3 1 1 3 1,	192 104 168 115 177 142 101 114 134 117 14,	intronic gene1579_ydfJ
MG1655,	1646141,	G->T,	0.0 100.0 200.0 300.0 400.0 500.0 600.0 700.0 800.0 900.0 1000.0,	8 3 4 8 7 4 4 3 3 3 0,	233 162 199 117 224 171 106 114 125 150 66,	nonsynonymous SNV gene1603_ydfV:gene1603_ydfV:exon1:c.G245T:p.C82F, MG1655
MG1655,	1646147,	G->T,	0.0 100.0 200.0 300.0 400.0 500.0 600.0 700.0 800.0 900.0 1000.0,	6 1 2 9 2 1 2 2 3 3 0,	223 158 184 122 205 161 102 104 122 139 75,	nonsynonymous SNV gene1603_ydfV:gene1603_ydfV:exon1:c.G251T:p.S84I, MG1655
MG1655,	1655640,	C->A,	0.0 100.0 200.0 300.0 400.0 500.0 600.0 700.0 800.0 900.0 1000.0,	4 8 6 4 4 2 3 9 1 2 0,	259 223 247 181 272 237 159 173 150 161 63,	nonsynonymous SNV gene1620_ynfA:gene1620_ynfA:exon1:c.G34T:p.A12S, MG1655
MG1655,	1655646,	C->A,	0.0 100.0 200.0 300.0 400.0 500.0 600.0 700.0 800.0 900.0 1000.0,	4 12 10 6 7 4 5 9 2 4 0,	252 225 241 178 274 243 163 171 141 164 55,	nonsynonymous SNV gene1620_ynfA:gene1620_ynfA:exon1:c.G28T:p.A10S, MG1655
MG1655,	1659883,	G->A,	0.0 100.0 200.0 300.0 400.0 500.0 600.0 700.0 800.0 900.0 1000.0,	4 0 4 4 5 5 3 3 2 1 1,	173 127 123 99 149 97 94 99 104 109 74,	synonymous SNV gene1625_ynfE:gene1625_ynfE:exon1:c.G1815A:p.L605L, MG1655
MG1655,	1662526,	G->A,	0.0 100.0 200.0 300.0 400.0 500.0 600.0 700.0 800.0 900.0 1000.0,	6 5 1 1 0 2 2 1 0 2 1,	141 85 116 82 129 113 67 89 92 99 60,	synonymous SNV gene1626_ynfF:gene1626_ynfF:exon1:c.G1971A:p.L657L, MG1655
MG1655,	1701108,	A->T,	0.0 100.0 200.0 300.0 400.0 500.0 600.0 700.0 800.0 900.0 1000.0,	10 8 7 7 9 14 7 7 4 8 1,	220 161 158 132 178 142 104 111 118 117 134,	nonsynonymous SNV gene1661_malY:gene1661_malY:exon1:c.A152T:p.N51I, MG1655
MG1655,	1705762,	G->A,	0.0 100.0 200.0 300.0 400.0 500.0 600.0 700.0 800.0 900.0 1000.0,	6 1 1 2 1 2 8 3 1 3 2,	218 135 158 136 161 115 122 133 142 138 98,	upstream;downstream gene1667_rsxA,gene1668_rsxB;gene1665_cnu,gene1666_ydgK
MG1655,	1708662,	C->G,	0.0 100.0 200.0 300.0 400.0 500.0 600.0 700.0 800.0 900.0 1000.0,	2 4 2 1 2 2 2 4 0 2 1,	131 93 108 94 134 75 59 79 89 85 153,	nonsynonymous SNV gene1669_rsxC:gene1669_rsxC:exon1:c.C1744G:p.Q582E, MG1655
MG1655,	1708709,	T->C,	0.0 100.0 200.0 300.0 400.0 500.0 600.0 700.0 800.0 900.0 1000.0,	3 1 1 0 2 0 4 0 0 1 0,	104 52 63 56 92 63 45 61 64 67 164,	synonymous SNV gene1669_rsxC:gene1669_rsxC:exon1:c.T1791C:p.R597R, MG1655
MG1655,	1708758,	G->C,	0.0 100.0 200.0 300.0 400.0 500.0 600.0 700.0 800.0 900.0 1000.0,	4 1 3 1 1 2 0 1 4 0 1,	112 60 81 60 106 73 53 78 79 82 141,	nonsynonymous SNV gene1669_rsxC:gene1669_rsxC:exon1:c.G1840C:p.E614Q, MG1655
MG1655,	1708805,	T->C,	0.0 100.0 200.0 300.0 400.0 500.0 600.0 700.0 800.0 900.0 1000.0,	1 3 0 0 1 0 3 1 3 1 0,	83 49 71 61 118 69 50 71 77 76 158,	synonymous SNV gene1669_rsxC:gene1669_rsxC:exon1:c.T1887C:p.R629R, MG1655
MG1655,	1708994,	A->C,	0.0 100.0 200.0 300.0 400.0 500.0 600.0 700.0 800.0 900.0 1000.0,	0 0 0 0 0 5 1 0 1 2 0,	120 56 92 82 110 85 66 75 73 79 141,	synonymous SNV gene1669_rsxC:gene1669_rsxC:exon1:c.A2076C:p.A692A, MG1655
MG1655,	1714317,	indel;C+T;C+TT;C-1,	0.0 100.0 200.0 300.0 400.0 500.0 600.0 700.0 800.0 900.0 1000.0,	8 1 4 1 5 1 7 0 2 0 1,	147 91 122 86 114 106 75 86 85 75 65,	upstream;downstream gene1675_gstA;gene1674_dtpA,gene1676_pdxY
MG1655,	1732645,	C->A,	0.0 100.0 200.0 300.0 400.0 500.0 600.0 700.0 800.0 900.0 1000.0,	4 4 1 6 4 6 1 3 2 2 0,	113 111 107 98 122 109 78 93 107 102 130,	nonsynonymous SNV gene1693_lhr:gene1693_lhr:exon1:c.C3559A:p.Q1187K, MG1655
MG1655,	1747146,	A->T,	0.0 100.0 200.0 300.0 400.0 500.0 600.0 700.0 800.0 900.0 1000.0,	6 3 3 5 2 2 5 6 3 1 0,	177 103 118 117 143 116 92 111 106 100 66,	nonsynonymous SNV gene1709_ydhS:gene1709_ydhS:exon1:c.A16T:p.I6F, MG1655
MG1655,	1747159,	G->C,	0.0 100.0 200.0 300.0 400.0 500.0 600.0 700.0 800.0 900.0 1000.0,	5 2 4 4 9 1 3 7 6 3 0,	185 108 125 123 149 118 92 118 110 110 76,	nonsynonymous SNV gene1709_ydhS:gene1709_ydhS:exon1:c.G29C:p.G10A, MG1655
MG1655,	1756899,	C->A,	0.0 100.0 200.0 300.0 400.0 500.0 600.0 700.0 800.0 900.0 1000.0,	7 2 3 4 3 5 6 1 2 3 0,	235 176 205 164 251 175 111 135 182 148 155,	nonsynonymous SNV gene1717_pykF:gene1717_pykF:exon1:c.C1202A:p.T401N, MG1655
MG1655,	1756900,	C->A,	0.0 100.0 200.0 300.0 400.0 500.0 600.0 700.0 800.0 900.0 1000.0,	7 3 4 3 5 6 7 5 2 2 0,	226 177 197 159 252 174 113 142 181 149 153,	synonymous SNV gene1717_pykF:gene1717_pykF:exon1:c.C1203A:p.T401T, MG1655
MG1655,	1764604,	G->A,	0.0 100.0 200.0 300.0 400.0 500.0 600.0 700.0 800.0 900.0 1000.0,	0 2 0 1 2 0 0 1 0 1 2,	268 230 244 192 311 194 164 192 150 201 15,	upstream;downstream gene1724_sufB,gene1725_sufA;gene1726_rydB,gene1727_ydiH,gene1728_menI
MG1655,	1768259,	C->A,	0.0 100.0 200.0 300.0 400.0 500.0 600.0 700.0 800.0 900.0 1000.0,	6 0 2 6 3 4 0 1 0 3 0,	201 151 179 116 208 178 115 128 152 155 136,	nonsynonymous SNV gene1729_ydiJ:gene1729_ydiJ:exon1:c.G427T:p.A143S, MG1655
MG1655,	1770783,	C->A,	0.0 100.0 200.0 300.0 400.0 500.0 600.0 700.0 800.0 900.0 1000.0,	3 1 11 1 5 3 0 2 3 5 0,	144 99 149 103 154 125 80 111 94 129 96,	nonsynonymous SNV gene1732_ydiL:gene1732_ydiL:exon1:c.C169A:p.Q57K, MG1655
MG1655,	1789354,	G->A,	0.0 100.0 200.0 300.0 400.0 500.0 600.0 700.0 800.0 900.0 1000.0,	1 3 1 0 1 3 3 2 0 1 0,	88 67 76 52 68 52 54 55 63 45 158,	nonsynonymous SNV gene1747_aroH:gene1747_aroH:exon1:c.G920A:p.G307E, MG1655
MG1655,	1789359,	C->A,	0.0 100.0 200.0 300.0 400.0 500.0 600.0 700.0 800.0 900.0 1000.0,	2 3 0 0 1 4 3 1 0 0 0,	84 72 73 49 75 54 53 54 65 48 159,	nonsynonymous SNV gene1747_aroH:gene1747_aroH:exon1:c.C925A:p.Q309K, MG1655
MG1655,	1800384,	C->T,	0.0 100.0 200.0 300.0 400.0 500.0 600.0 700.0 800.0 900.0 1000.0,	4 3 2 1 8 4 2 1 0 1 0,	171 111 124 99 157 122 81 96 96 117 55,	synonymous SNV gene1761_infC:gene1761_infC:exon1:c.G255A:p.K85K, MG1655
MG1655,	1812886,	G->A,	0.0 100.0 200.0 300.0 400.0 500.0 600.0 700.0 800.0 900.0 1000.0,	2 0 0 0 0 0 0 0 0 0 2,	388 301 402 263 438 369 248 308 207 282 39,	stopgain gene1773_ydjO:gene1773_ydjO:exon1:c.C247T:p.Q83X, MG1655
MG1655,	1844594,	G->T,	0.0 100.0 200.0 300.0 400.0 500.0 600.0 700.0 800.0 900.0 1000.0,	4 10 7 4 5 9 5 4 3 6 0,	212 182 220 143 230 180 160 159 134 176 63,	nonsynonymous SNV gene1805_ynjI:gene1805_ynjI:exon1:c.C278A:p.A93E, MG1655
MG1655,	1849708,	T->A,	0.0 100.0 200.0 300.0 400.0 500.0 600.0 700.0 800.0 900.0 1000.0,	2 2 3 2 1 2 5 2 0 1 1,	175 118 102 120 151 97 87 104 119 111 158,	nonsynonymous SNV gene1809_sppA:gene1809_sppA:exon1:c.T872A:p.I291N, MG1655
MG1655,	1849710,	G->A,	0.0 100.0 200.0 300.0 400.0 500.0 600.0 700.0 800.0 900.0 1000.0,	3 2 6 1 1 3 6 3 0 2 1,	188 121 103 121 161 100 90 112 118 115 161,	nonsynonymous SNV gene1809_sppA:gene1809_sppA:exon1:c.G874A:p.E292K, MG1655
MG1655,	1861677,	C->A,	0.0 100.0 200.0 300.0 400.0 500.0 600.0 700.0 800.0 900.0 1000.0,	8 5 7 4 6 9 6 0 4 7 1,	206 161 181 115 210 170 130 126 136 156 115,	upstream;downstream gene1819_ydjL;gene1820_yeaC,gene1821_msrB
MG1655,	1861678,	C->A,	0.0 100.0 200.0 300.0 400.0 500.0 600.0 700.0 800.0 900.0 1000.0,	11 5 6 5 4 11 4 2 3 7 2,	198 160 171 116 194 162 123 127 130 155 110,	upstream;downstream gene1819_ydjL;gene1820_yeaC,gene1821_msrB
MG1655,	1861681,	G->A,	0.0 100.0 200.0 300.0 400.0 500.0 600.0 700.0 800.0 900.0 1000.0,	8 2 4 4 0 10 3 0 1 3 1,	198 158 169 117 193 167 126 123 131 153 105,	upstream;downstream gene1819_ydjL;gene1820_yeaC,gene1821_msrB
MG1655,	1861683,	C->A,	0.0 100.0 200.0 300.0 400.0 500.0 600.0 700.0 800.0 900.0 1000.0,	10 5 10 5 6 15 8 1 3 7 2,	211 162 181 124 207 170 132 129 135 156 110,	upstream;downstream gene1819_ydjL;gene1820_yeaC,gene1821_msrB
MG1655,	1888015,	indel;C+A;C-1,	0.0 100.0 200.0 300.0 400.0 500.0 600.0 700.0 800.0 900.0 1000.0,	3 3 0 3 5 0 0 1 2 4 5,	109 66 81 74 89 73 56 68 78 71 103,	upstream;downstream gene1849_rnd;gene1850_fadD
MG1655,	1894338,	G->A,	0.0 100.0 200.0 300.0 400.0 500.0 600.0 700.0 800.0 900.0 1000.0,	11 3 2 2 7 2 4 2 1 2 1,	170 112 133 110 161 127 99 93 104 149 75,	stopgain gene1855_yoaC:gene1855_yoaC:exon1:c.G206A:p.W69X, MG1655
MG1655,	1894339,	G->A,	0.0 100.0 200.0 300.0 400.0 500.0 600.0 700.0 800.0 900.0 1000.0,	12 3 2 3 5 5 4 1 3 2 2,	164 110 125 112 151 113 94 91 102 136 76,	stopgain gene1855_yoaC:gene1855_yoaC:exon1:c.G207A:p.W69X, MG1655
MG1655,	1894341,	C->A,	0.0 100.0 200.0 300.0 400.0 500.0 600.0 700.0 800.0 900.0 1000.0,	17 4 4 7 9 7 5 2 7 9 2,	184 119 140 114 169 129 99 102 117 154 72,	nonsynonymous SNV gene1855_yoaC:gene1855_yoaC:exon1:c.C209A:p.A70E, MG1655
MG1655,	1940185,	C->T,	0.0 100.0 200.0 300.0 400.0 500.0 600.0 700.0 800.0 900.0 1000.0,	2 3 0 4 1 4 3 2 0 0 0,	116 83 85 83 134 93 58 83 80 75 42,	synonymous SNV gene1903_lpxM:gene1903_lpxM:exon1:c.G9A:p.T3T, MG1655
MG1655,	1940186,	G->T,	0.0 100.0 200.0 300.0 400.0 500.0 600.0 700.0 800.0 900.0 1000.0,	2 2 3 1 1 5 2 2 1 1 0,	113 81 90 81 130 90 58 89 84 73 44,	nonsynonymous SNV gene1903_lpxM:gene1903_lpxM:exon1:c.C8A:p.T3K, MG1655
MG1655,	1940190,	C->T,	0.0 100.0 200.0 300.0 400.0 500.0 600.0 700.0 800.0 900.0 1000.0,	2 3 0 3 2 5 1 3 0 1 1,	119 85 96 85 133 93 57 97 82 75 52,	nonsynonymous SNV gene1903_lpxM:gene1903_lpxM:exon1:c.G4A:p.E2K, MG1655
MG1655,	1986601,	C->A,	0.0 100.0 200.0 300.0 400.0 500.0 600.0 700.0 800.0 900.0 1000.0,	3 4 5 7 3 2 4 5 10 2 0,	233 155 231 190 247 173 171 157 153 181 32,	upstream;downstream gene1949_araF,gene1950_ftnB;gene1951_yecJ
MG1655,	1995639,	C->A,	0.0 100.0 200.0 300.0 400.0 500.0 600.0 700.0 800.0 900.0 1000.0,	2 2 0 1 2 8 4 3 4 3 1,	179 108 195 129 198 158 128 160 118 155 15,	upstream;downstream gene1962_uvrC,gene1963_uvrY,gene1964_yecF;gene1965_sdiA
MG1655,	1995642,	G->A,	0.0 100.0 200.0 300.0 400.0 500.0 600.0 700.0 800.0 900.0 1000.0,	3 2 0 1 1 10 3 2 2 3 1,	180 100 188 127 189 145 104 149 111 140 11,	upstream;downstream gene1962_uvrC,gene1963_uvrY,gene1964_yecF;gene1965_sdiA
MG1655,	1995643,	C->A,	0.0 100.0 200.0 300.0 400.0 500.0 600.0 700.0 800.0 900.0 1000.0,	6 2 2 2 1 10 8 4 5 5 1,	180 100 186 130 183 146 116 153 112 142 10,	upstream;downstream gene1962_uvrC,gene1963_uvrY,gene1964_yecF;gene1965_sdiA
MG1655,	2007484,	C->A,	0.0 100.0 200.0 300.0 400.0 500.0 600.0 700.0 800.0 900.0 1000.0,	0 2 0 1 2 1 0 2 4 2 2,	103 72 78 65 100 71 63 69 80 68 105,	synonymous SNV gene1976_amyA:gene1976_amyA:exon1:c.C1329A:p.G443G, MG1655
MG1655,	2007485,	G->A,	0.0 100.0 200.0 300.0 400.0 500.0 600.0 700.0 800.0 900.0 1000.0,	1 2 0 0 1 0 0 1 4 1 1,	110 69 79 69 100 73 62 66 77 67 104,	nonsynonymous SNV gene1976_amyA:gene1976_amyA:exon1:c.G1330A:p.E444K, MG1655
MG1655,	2023100,	G->T,	0.0 100.0 200.0 300.0 400.0 500.0 600.0 700.0 800.0 900.0 1000.0,	10 2 2 2 7 4 1 2 0 3 2,	191 128 137 99 215 121 91 116 132 124 138,	nonsynonymous SNV gene1997_fliR:gene1997_fliR:exon1:c.G208T:p.A70S, MG1655
MG1655,	2033995,	G->T,	0.0 100.0 200.0 300.0 400.0 500.0 600.0 700.0 800.0 900.0 1000.0,	6 6 15 3 13 16 5 8 6 4 0,	172 160 198 102 189 191 150 154 104 127 9,	upstream;downstream gene2009_yedJ,gene2010_yedR,gene2012_yedS;gene2011_rseX
MG1655,	2033996,	G->T,	0.0 100.0 200.0 300.0 400.0 500.0 600.0 700.0 800.0 900.0 1000.0,	1 3 9 4 10 11 2 5 5 5 0,	157 146 184 94 178 181 139 141 91 121 9,	upstream;downstream gene2009_yedJ,gene2010_yedR,gene2012_yedS;gene2011_rseX
MG1655,	2033997,	A->T,	0.0 100.0 200.0 300.0 400.0 500.0 600.0 700.0 800.0 900.0 1000.0,	0 2 8 1 5 10 2 4 2 1 0,	166 156 192 97 185 189 149 151 100 123 9,	upstream;downstream gene2009_yedJ,gene2010_yedR,gene2012_yedS;gene2011_rseX
MG1655,	2064291,	G->T,	0.0 100.0 200.0 300.0 400.0 500.0 600.0 700.0 800.0 900.0 1000.0,	5 4 4 1 2 3 0 1 8 2 0,	245 169 142 139 182 146 111 123 124 134 155,	synonymous SNV gene2036_cobT:gene2036_cobT:exon1:c.C177A:p.G59G, MG1655
MG1655,	2074691,	C->G,	0.0 100.0 200.0 300.0 400.0 500.0 600.0 700.0 800.0 900.0 1000.0,	9 9 10 8 11 12 14 9 8 6 2,	296 180 229 177 284 211 165 209 156 190 138,	upstream;downstream gene2049_yeeR;gene2048_flu
MG1655,	2103152,	C->T,	0.0 100.0 200.0 300.0 400.0 500.0 600.0 700.0 800.0 900.0 1000.0,	1 0 0 0 0 0 0 2 2 0 2,	406 309 408 258 431 332 274 268 219 288 17,	nonsynonymous SNV gene2082_wbbL:gene2082_wbbL:exon1:c.G238A:p.A80T, MG1655
MG1655,	2113536,	G->T,	0.0 100.0 200.0 300.0 400.0 500.0 600.0 700.0 800.0 900.0 1000.0,	3 6 2 3 3 3 3 2 4 8 1,	203 140 147 126 191 144 96 153 135 156 159,	synonymous SNV gene2094_wcaN:gene2094_wcaN:exon1:c.C792A:p.G264G, MG1655
MG1655,	2128734,	G->T,	0.0 100.0 200.0 300.0 400.0 500.0 600.0 700.0 800.0 900.0 1000.0,	2 3 1 3 1 3 8 1 3 3 4,	173 124 130 113 168 116 120 94 125 114 61,	nonsynonymous SNV gene2106_wcaF:gene2106_wcaF:exon1:c.C155A:p.A52E, MG1655
MG1655,	2132681,	G->T,	0.0 100.0 200.0 300.0 400.0 500.0 600.0 700.0 800.0 900.0 1000.0,	1 5 2 2 2 5 2 3 1 2 0,	149 99 128 112 198 125 97 118 122 115 136,	nonsynonymous SNV gene2111_wcaA:gene2111_wcaA:exon1:c.C717A:p.S239R, MG1655
MG1655,	2168532,	G->T,	0.0 100.0 200.0 300.0 400.0 500.0 600.0 700.0 800.0 900.0 1000.0,	13 19 20 16 11 11 14 10 11 12 2,	335 264 331 220 338 253 214 261 209 259 47,	upstream gene2140_yegZ,gene2141_yegR,gene2142_yegS
MG1655,	2168533,	A->T,	0.0 100.0 200.0 300.0 400.0 500.0 600.0 700.0 800.0 900.0 1000.0,	7 5 16 7 7 7 5 6 4 4 1,	331 246 320 214 321 245 204 252 205 250 52,	upstream gene2140_yegZ,gene2141_yegR,gene2142_yegS
MG1655,	2173360,	indel;A-2,	0.0 100.0 200.0 300.0 400.0 500.0 600.0 700.0 800.0 900.0 1000.0,	105 78 95 72 103 76 74 60 80 90 118,	112 86 104 77 107 79 79 65 84 93 123,	frameshift deletion gene2147_gatC:gene2147_gatC:exon2:c.917delT:p.V306fs, MG1655
MG1655,	2192365,	C->A,	0.0 100.0 200.0 300.0 400.0 500.0 600.0 700.0 800.0 900.0 1000.0,	2 3 2 4 3 6 1 5 0 6 0,	118 114 142 126 163 136 130 158 106 114 0,	upstream;downstream gene2165_yehC,gene2166_yehD;gene2167_yehE,gene2168_mrp
MG1655,	2211617,	C->A,	0.0 100.0 200.0 300.0 400.0 500.0 600.0 700.0 800.0 900.0 1000.0,	4 0 3 2 4 3 6 1 2 1 0,	161 102 124 132 138 120 103 136 132 121 92,	synonymous SNV gene2177_yehR:gene2177_yehR:exon1:c.C393A:p.A131A, MG1655
MG1655,	2213486,	C->A,	0.0 100.0 200.0 300.0 400.0 500.0 600.0 700.0 800.0 900.0 1000.0,	3 5 2 1 3 0 2 1 0 3 2,	119 93 109 86 128 92 75 87 100 89 142,	nonsynonymous SNV gene2180_yehU:gene2180_yehU:exon1:c.G1159T:p.A387S, MG1655
MG1655,	2213493,	C->A,	0.0 100.0 200.0 300.0 400.0 500.0 600.0 700.0 800.0 900.0 1000.0,	0 5 4 5 3 1 3 1 0 2 2,	115 98 113 98 130 95 76 91 102 93 141,	nonsynonymous SNV gene2180_yehU:gene2180_yehU:exon1:c.G1152T:p.L384F, MG1655
MG1655,	2231119,	T->C,	0.0 100.0 200.0 300.0 400.0 500.0 600.0 700.0 800.0 900.0 1000.0,	197 139 153 127 224 182 119 141 143 159 124,	197 139 153 127 224 182 119 141 143 159 124,	nonsynonymous SNV gene2197_yohK:gene2197_yohK:exon1:c.T101C:p.L34S, MG1655
MG1655,	2234578,	C->A,	0.0 100.0 200.0 300.0 400.0 500.0 600.0 700.0 800.0 900.0 1000.0,	2 0 1 2 1 2 5 2 2 0 1,	174 88 106 93 156 96 84 91 128 106 142,	synonymous SNV gene2201_preT:gene2201_preT:exon1:c.C546A:p.A182A, MG1655
MG1655,	2238746,	C->T,	0.0 100.0 200.0 300.0 400.0 500.0 600.0 700.0 800.0 900.0 1000.0,	6 0 4 4 5 5 6 1 7 12 0,	264 160 198 152 276 153 152 165 185 193 58,	nonsynonymous SNV gene2204_mglA:gene2204_mglA:exon1:c.G544A:p.E182K, MG1655
MG1655,	2238747,	G->T,	0.0 100.0 200.0 300.0 400.0 500.0 600.0 700.0 800.0 900.0 1000.0,	4 1 4 5 7 3 3 0 6 10 0,	252 160 192 150 279 143 144 164 178 185 57,	synonymous SNV gene2204_mglA:gene2204_mglA:exon1:c.C543A:p.T181T, MG1655
MG1655,	2238748,	G->T,	0.0 100.0 200.0 300.0 400.0 500.0 600.0 700.0 800.0 900.0 1000.0,	5 0 3 4 3 2 5 1 6 12 0,	256 158 195 146 269 147 146 171 183 185 58,	nonsynonymous SNV gene2204_mglA:gene2204_mglA:exon1:c.C542A:p.T181N, MG1655
MG1655,	2263678,	G->T,	0.0 100.0 200.0 300.0 400.0 500.0 600.0 700.0 800.0 900.0 1000.0,	5 2 0 0 5 3 1 1 1 3 0,	108 62 94 71 89 72 70 70 80 77 76,	upstream gene2224_fruB,gene2225_setB
MG1655,	2264160,	G->T,	0.0 100.0 200.0 300.0 400.0 500.0 600.0 700.0 800.0 900.0 1000.0,	2 0 1 4 2 1 0 2 1 3 1,	118 77 88 76 104 71 50 72 87 76 155,	nonsynonymous SNV gene2225_setB:gene2225_setB:exon1:c.G298T:p.A100S, MG1655
MG1655,	2264164,	G->T,	0.0 100.0 200.0 300.0 400.0 500.0 600.0 700.0 800.0 900.0 1000.0,	2 0 1 4 0 2 0 1 1 3 0,	108 73 84 77 98 69 47 65 84 71 143,	nonsynonymous SNV gene2225_setB:gene2225_setB:exon1:c.G302T:p.W101L, MG1655
MG1655,	2304649,	C->T,	0.0 100.0 200.0 300.0 400.0 500.0 600.0 700.0 800.0 900.0 1000.0,	0 0 0 1 0 2 0 0 1 2 0,	40 16 23 15 35 24 16 14 24 21 36,	downstream gene2264_eco,gene2265_mqo
MG1655,	2328410,	G->T,	0.0 100.0 200.0 300.0 400.0 500.0 600.0 700.0 800.0 900.0 1000.0,	2 2 1 1 1 3 3 5 3 1 1,	189 114 127 115 148 129 110 94 130 119 160,	nonsynonymous SNV gene2282_yfaQ:gene2282_yfaQ:exon1:c.C1388A:p.A463E, MG1655
MG1655,	2331641,	G->T,	0.0 100.0 200.0 300.0 400.0 500.0 600.0 700.0 800.0 900.0 1000.0,	2 1 0 1 1 8 0 1 0 0 1,	141 125 118 118 185 128 100 115 126 158 164,	unknown UNKNOWN MG1655
MG1655,	2355315,	G->T,	0.0 100.0 200.0 300.0 400.0 500.0 600.0 700.0 800.0 900.0 1000.0,	1 5 1 0 5 3 2 8 0 3 4,	135 82 98 114 136 110 77 110 112 112 188,	nonsynonymous SNV gene2297_glpB:gene2297_glpB:exon1:c.G1051T:p.A351S, MG1655
MG1655,	2361535,	A->T,	0.0 100.0 200.0 300.0 400.0 500.0 600.0 700.0 800.0 900.0 1000.0,	2 5 2 5 5 2 2 4 7 5 1,	150 117 122 114 160 99 95 105 108 141 110,	nonsynonymous SNV gene2304_rhmR:gene2304_rhmR:exon1:c.T677A:p.I226N, MG1655
MG1655,	2361550,	C->G,	0.0 100.0 200.0 300.0 400.0 500.0 600.0 700.0 800.0 900.0 1000.0,	5 5 4 4 3 4 0 5 6 2 1,	158 130 140 104 172 109 90 97 118 127 151,	nonsynonymous SNV gene2304_rhmR:gene2304_rhmR:exon1:c.G662C:p.G221A, MG1655
MG1655,	2364348,	C->A,	0.0 100.0 200.0 300.0 400.0 500.0 600.0 700.0 800.0 900.0 1000.0,	5 7 6 3 6 6 7 4 3 5 1,	149 123 144 99 165 117 118 123 108 127 96,	upstream;downstream gene2305_yfaY,gene2306_yfaZ,gene2307_nudI;gene2308_ais
MG1655,	2364352,	G->A,	0.0 100.0 200.0 300.0 400.0 500.0 600.0 700.0 800.0 900.0 1000.0,	7 6 4 2 4 7 5 1 4 6 0,	143 124 136 96 149 116 115 127 99 130 86,	upstream;downstream gene2305_yfaY,gene2306_yfaZ,gene2307_nudI;gene2308_ais
MG1655,	2364354,	G->A,	0.0 100.0 200.0 300.0 400.0 500.0 600.0 700.0 800.0 900.0 1000.0,	6 5 1 1 4 6 3 1 3 2 0,	143 119 133 95 144 111 113 125 99 128 76,	upstream;downstream gene2305_yfaY,gene2306_yfaZ,gene2307_nudI;gene2308_ais
MG1655,	2364355,	C->A,	0.0 100.0 200.0 300.0 400.0 500.0 600.0 700.0 800.0 900.0 1000.0,	7 7 3 3 6 8 4 2 3 5 2,	142 116 134 92 144 112 115 123 94 125 77,	upstream;downstream gene2305_yfaY,gene2306_yfaZ,gene2307_nudI;gene2308_ais
MG1655,	2364356,	G->A,	0.0 100.0 200.0 300.0 400.0 500.0 600.0 700.0 800.0 900.0 1000.0,	8 7 5 4 6 9 3 2 5 4 1,	147 126 138 101 149 125 117 130 106 129 77,	upstream;downstream gene2305_yfaY,gene2306_yfaZ,gene2307_nudI;gene2308_ais
MG1655,	2383962,	C->T,	0.0 100.0 200.0 300.0 400.0 500.0 600.0 700.0 800.0 900.0 1000.0,	0 0 0 0 0 1 2 0 0 0 3,	198 129 149 125 202 138 112 119 145 136 60,	downstream gene2326_elaD,gene2327_yfbK
MG1655,	2394759,	A->T,	0.0 100.0 200.0 300.0 400.0 500.0 600.0 700.0 800.0 900.0 1000.0,	4 0 2 5 3 2 0 0 3 1 0,	154 112 140 83 150 109 110 87 111 111 107,	synonymous SNV gene2335_nuoL:gene2335_nuoL:exon1:c.T288A:p.G96G, MG1655
MG1655,	2394770,	T->C,	0.0 100.0 200.0 300.0 400.0 500.0 600.0 700.0 800.0 900.0 1000.0,	4 3 3 5 1 2 2 2 0 3 0,	153 118 142 86 153 100 96 92 102 119 114,	nonsynonymous SNV gene2335_nuoL:gene2335_nuoL:exon1:c.A277G:p.T93A, MG1655
MG1655,	2408883,	G->T,	0.0 100.0 200.0 300.0 400.0 500.0 600.0 700.0 800.0 900.0 1000.0,	8 6 10 4 8 10 8 4 7 6 2,	170 109 149 125 167 141 100 131 126 146 142,	nonsynonymous SNV gene2348_yfbR:gene2348_yfbR:exon1:c.G22T:p.A8S, MG1655
MG1655,	2408885,	C->T,	0.0 100.0 200.0 300.0 400.0 500.0 600.0 700.0 800.0 900.0 1000.0,	6 5 7 3 5 7 5 0 5 7 1,	174 113 145 127 165 136 101 128 123 145 140,	synonymous SNV gene2348_yfbR:gene2348_yfbR:exon1:c.C24T:p.A8A, MG1655
MG1655,	2408887,	A->T,	0.0 100.0 200.0 300.0 400.0 500.0 600.0 700.0 800.0 900.0 1000.0,	3 2 3 1 3 7 5 2 5 5 0,	177 108 142 126 168 131 102 137 134 142 139,	nonsynonymous SNV gene2348_yfbR:gene2348_yfbR:exon1:c.A26T:p.H9L, MG1655
MG1655,	2462880,	indel;T-1;T+C,	0.0 100.0 200.0 300.0 400.0 500.0 600.0 700.0 800.0 900.0 1000.0,	17 8 13 8 11 4 7 7 11 9 5,	248 170 200 188 258 171 208 214 196 182 94,	upstream;downstream gene2401_yfdF;gene2400_fadL
MG1655,	2473884,	T->G,	0.0 100.0 200.0 300.0 400.0 500.0 600.0 700.0 800.0 900.0 1000.0,	0 2 1 4 2 4 6 1 2 0 0,	206 119 133 113 202 108 102 117 127 167 140,	nonsynonymous SNV gene2415_yfdP:gene2415_yfdP:exon1:c.T281G:p.L94R, MG1655
MG1655,	2490495,	T->C,	0.0 100.0 200.0 300.0 400.0 500.0 600.0 700.0 800.0 900.0 1000.0,	4 2 9 1 2 0 6 2 1 1 0,	247 183 169 136 284 179 168 189 167 167 112,	nonsynonymous SNV gene2432_oxc:gene2432_oxc:exon1:c.A1456G:p.S486G, MG1655
MG1655,	2510887,	C->A,	0.0 100.0 200.0 300.0 400.0 500.0 600.0 700.0 800.0 900.0 1000.0,	7 6 5 2 3 0 5 9 2 4 3,	216 156 179 137 213 148 125 145 145 212 95,	upstream;downstream gene2450_ypeC;gene2449_yfeO,gene2451_mntH
MG1655,	2553207,	T->A,	0.0 100.0 200.0 300.0 400.0 500.0 600.0 700.0 800.0 900.0 1000.0,	6 2 0 0 1 4 3 2 1 1 1,	119 77 112 91 132 88 91 118 119 88 130,	nonsynonymous SNV gene2495_amiA:gene2495_amiA:exon1:c.T856A:p.S286T, MG1655
MG1655,	2553208,	C->A,	0.0 100.0 200.0 300.0 400.0 500.0 600.0 700.0 800.0 900.0 1000.0,	4 2 1 1 2 5 3 1 2 2 1,	121 78 119 92 134 91 92 121 125 97 137,	stopgain gene2495_amiA:gene2495_amiA:exon1:c.C857A:p.S286X, MG1655
MG1655,	2569720,	G->T,	0.0 100.0 200.0 300.0 400.0 500.0 600.0 700.0 800.0 900.0 1000.0,	2 0 3 0 2 5 1 2 0 0 3,	113 101 128 106 141 90 93 111 112 98 170,	stopgain gene2514_eutJ:gene2514_eutJ:exon1:c.C618A:p.Y206X, MG1655
MG1655,	2587628,	G->T,	0.0 100.0 200.0 300.0 400.0 500.0 600.0 700.0 800.0 900.0 1000.0,	5 5 1 5 11 3 1 3 4 5 1,	183 139 125 133 206 140 119 132 140 141 130,	nonsynonymous SNV gene2530_acrD:gene2530_acrD:exon1:c.G34T:p.A12S, MG1655
MG1655,	2597790,	C->A,	0.0 100.0 200.0 300.0 400.0 500.0 600.0 700.0 800.0 900.0 1000.0,	3 2 1 0 3 1 0 6 1 4 1,	128 87 103 102 142 109 89 110 108 114 134,	upstream;downstream gene2538_purC;gene2539_bamC
MG1655,	2624420,	C->A,	0.0 100.0 200.0 300.0 400.0 500.0 600.0 700.0 800.0 900.0 1000.0,	1 0 3 2 3 5 0 0 0 1 0,	133 130 113 99 165 94 99 119 144 159 175,	nonsynonymous SNV gene2563_ppk:gene2563_ppk:exon1:c.C1377A:p.N459K, MG1655
MG1655,	2625517,	indel;G-1,	0.0 100.0 200.0 300.0 400.0 500.0 600.0 700.0 800.0 900.0 1000.0,	1 0 0 2 0 0 5 2 0 2 0,	120 109 100 103 135 92 83 126 128 89 132,	frameshift deletion gene2564_ppx:gene2564_ppx:exon1:c.403delG:p.E135fs, MG1655
MG1655,	2634152,	G->T,	0.0 100.0 200.0 300.0 400.0 500.0 600.0 700.0 800.0 900.0 1000.0,	13 6 13 8 11 7 8 9 6 9 0,	211 188 202 145 260 187 161 176 187 204 142,	upstream gene2570_guaB,gene2571_xseA
MG1655,	2647015,	C->A,	0.0 100.0 200.0 300.0 400.0 500.0 600.0 700.0 800.0 900.0 1000.0,	1 0 3 6 2 3 1 8 0 3 1,	176 127 142 93 175 100 116 140 128 147 188,	nonsynonymous SNV gene2581_pbpC:gene2581_pbpC:exon1:c.G311T:p.W104L, MG1655
MG1655,	2652477,	C->A,	0.0 100.0 200.0 300.0 400.0 500.0 600.0 700.0 800.0 900.0 1000.0,	0 2 3 3 4 1 1 2 4 7 0,	149 111 113 115 184 104 109 124 123 119 144,	upstream gene2582_yfhM,gene2583_sseA
MG1655,	2685817,	C->A,	0.0 100.0 200.0 300.0 400.0 500.0 600.0 700.0 800.0 900.0 1000.0,	3 2 3 1 4 7 4 3 2 5 0,	186 97 158 119 181 120 116 126 141 146 38,	upstream gene2615_glyA,gene2616_hmp
MG1655,	2696343,	C->A,	0.0 100.0 200.0 300.0 400.0 500.0 600.0 700.0 800.0 900.0 1000.0,	5 1 5 5 0 1 1 1 3 3 0,	144 113 133 83 157 102 95 101 145 127 92,	nonsynonymous SNV gene2623_mltF:gene2623_mltF:exon1:c.C543A:p.D181E, MG1655
MG1655,	2715260,	C->A,	0.0 100.0 200.0 300.0 400.0 500.0 600.0 700.0 800.0 900.0 1000.0,	1 1 1 1 3 6 3 2 1 2 0,	149 111 112 117 191 91 115 127 123 141 161,	nonsynonymous SNV gene2644_yfiE:gene2644_yfiE:exon1:c.G61T:p.A21S, MG1655
MG1655,	2725798,	indel;A-1;A+T,	0.0 100.0 200.0 300.0 400.0 500.0 600.0 700.0 800.0 900.0 1000.0,	0 1 3 1 2 2 1 0 1 1 3,	245 189 171 151 290 174 176 196 200 168 46,	upstream;downstream gene2654_kgtP;gene2655_rrfG,gene2656_rrlG
MG1655,	2730930,	T->C,	0.0 100.0 200.0 300.0 400.0 500.0 600.0 700.0 800.0 900.0 1000.0,	188 155 152 111 175 119 112 134 148 127 139,	190 156 153 112 176 120 112 134 149 127 139,	ncRNA_exonic gene2658_rrsG
MG1655,	2751942,	G->C,	0.0 100.0 200.0 300.0 400.0 500.0 600.0 700.0 800.0 900.0 1000.0,	4 4 4 4 9 3 2 7 3 8 4,	102 75 103 66 135 84 74 79 104 97 163,	nonsynonymous SNV gene2682_recN:gene2682_recN:exon1:c.G148C:p.A50P, MG1655
MG1655,	2751943,	C->G,	0.0 100.0 200.0 300.0 400.0 500.0 600.0 700.0 800.0 900.0 1000.0,	6 5 3 4 7 3 3 6 6 6 3,	106 76 99 65 130 82 73 78 102 92 158,	nonsynonymous SNV gene2682_recN:gene2682_recN:exon1:c.C149G:p.A50G, MG1655
MG1655,	2751945,	G->A,	0.0 100.0 200.0 300.0 400.0 500.0 600.0 700.0 800.0 900.0 1000.0,	3 6 3 3 5 3 4 5 7 3 2,	107 83 104 69 129 82 75 82 107 93 165,	nonsynonymous SNV gene2682_recN:gene2682_recN:exon1:c.G151A:p.E51K, MG1655
MG1655,	2751947,	A->C,	0.0 100.0 200.0 300.0 400.0 500.0 600.0 700.0 800.0 900.0 1000.0,	4 3 3 3 6 2 3 4 3 6 1,	108 79 104 66 133 79 73 83 103 95 168,	nonsynonymous SNV gene2682_recN:gene2682_recN:exon1:c.A153C:p.E51D, MG1655
MG1655,	2751948,	G->A,	0.0 100.0 200.0 300.0 400.0 500.0 600.0 700.0 800.0 900.0 1000.0,	4 4 4 2 6 4 1 5 5 4 3,	108 82 106 70 137 83 71 83 106 93 174,	nonsynonymous SNV gene2682_recN:gene2682_recN:exon1:c.G154A:p.A52T, MG1655
MG1655,	2751949,	C->T,	0.0 100.0 200.0 300.0 400.0 500.0 600.0 700.0 800.0 900.0 1000.0,	1 2 4 4 6 3 5 4 6 4 6,	105 78 105 71 136 86 74 83 105 93 177,	nonsynonymous SNV gene2682_recN:gene2682_recN:exon1:c.C155T:p.A52V, MG1655
MG1655,	2751950,	C->T,	0.0 100.0 200.0 300.0 400.0 500.0 600.0 700.0 800.0 900.0 1000.0,	1 3 1 5 8 3 4 3 3 6 4,	108 80 100 70 138 83 71 85 102 93 173,	synonymous SNV gene2682_recN:gene2682_recN:exon1:c.C156T:p.A52A, MG1655
MG1655,	2751951,	G->A,	0.0 100.0 200.0 300.0 400.0 500.0 600.0 700.0 800.0 900.0 1000.0,	3 6 2 3 4 2 2 2 5 5 2,	110 83 98 69 136 78 72 84 107 95 181,	nonsynonymous SNV gene2682_recN:gene2682_recN:exon1:c.G157A:p.D53N, MG1655
MG1655,	2751955,	T->A,	0.0 100.0 200.0 300.0 400.0 500.0 600.0 700.0 800.0 900.0 1000.0,	2 6 2 4 2 2 2 4 4 6 2,	115 88 102 79 142 79 80 88 105 97 186,	nonsynonymous SNV gene2682_recN:gene2682_recN:exon1:c.T161A:p.M54K, MG1655
MG1655,	2751956,	G->A,	0.0 100.0 200.0 300.0 400.0 500.0 600.0 700.0 800.0 900.0 1000.0,	5 3 2 1 3 2 3 3 4 6 1,	117 88 100 72 145 78 81 90 103 93 191,	nonsynonymous SNV gene2682_recN:gene2682_recN:exon1:c.G162A:p.M54I, MG1655
MG1655,	2841835,	C->A,	0.0 100.0 200.0 300.0 400.0 500.0 600.0 700.0 800.0 900.0 1000.0,	3 3 3 0 8 2 4 2 2 0 0,	106 90 100 68 126 96 84 104 118 108 162,	nonsynonymous SNV gene2776_ascB:gene2776_ascB:exon1:c.C846A:p.F282L, MG1655
MG1655,	2841838,	C->A,	0.0 100.0 200.0 300.0 400.0 500.0 600.0 700.0 800.0 900.0 1000.0,	4 5 5 2 5 3 6 4 2 0 0,	97 83 90 66 124 96 85 100 119 99 157,	synonymous SNV gene2776_ascB:gene2776_ascB:exon1:c.C849A:p.R283R, MG1655
MG1655,	2868765,	G->A,	0.0 100.0 200.0 300.0 400.0 500.0 600.0 700.0 800.0 900.0 1000.0,	4 6 2 2 3 1 0 4 4 1 0,	182 109 161 117 195 125 109 131 159 144 178,	upstream;downstream gene2802_nlpD;gene2803_pcm,gene2804_umpG
MG1655,	2892104,	C->T,	0.0 100.0 200.0 300.0 400.0 500.0 600.0 700.0 800.0 900.0 1000.0,	0 0 0 0 0 0 0 0 2 0 2,	227 115 178 112 220 134 156 165 139 174 34,	upstream gene2825_cysJ,gene2826_queD,gene2827_ygcN
MG1655,	2900297,	C->A,	0.0 100.0 200.0 300.0 400.0 500.0 600.0 700.0 800.0 900.0 1000.0,	2 1 4 2 3 1 2 1 6 2 1,	124 72 111 83 127 77 87 77 119 89 64,	upstream gene2833_ygcU,gene2834_ygcW,gene2835_yqcE
MG1655,	2900568,	G->T,	0.0 100.0 200.0 300.0 400.0 500.0 600.0 700.0 800.0 900.0 1000.0,	1 5 4 5 5 0 1 4 4 7 1,	193 128 160 100 197 104 127 142 128 146 29,	upstream gene2834_ygcW,gene2835_yqcE
MG1655,	2951396,	G->T,	0.0 100.0 200.0 300.0 400.0 500.0 600.0 700.0 800.0 900.0 1000.0,	1 1 2 1 1 4 0 1 0 0 2,	89 67 79 47 101 59 53 90 77 90 206,	nonsynonymous SNV gene2882_recD:gene2882_recD:exon1:c.C1066A:p.Q356K, MG1655
MG1655,	2968695,	G->T,	0.0 100.0 200.0 300.0 400.0 500.0 600.0 700.0 800.0 900.0 1000.0,	4 5 6 2 4 2 1 3 2 4 1,	125 92 104 97 140 90 73 95 124 111 163,	nonsynonymous SNV gene2893_rppH:gene2893_rppH:exon1:c.C283A:p.Q95K, MG1655
MG1655,	2969167,	G->T,	0.0 100.0 200.0 300.0 400.0 500.0 600.0 700.0 800.0 900.0 1000.0,	0 1 0 0 0 0 0 0 39 95 58,	354 316 353 223 465 308 309 347 256 344 77,	upstream gene2892_ptsP,gene2893_rppH,gene2894_mutH
MG1655,	2994353,	C->A,	0.0 100.0 200.0 300.0 400.0 500.0 600.0 700.0 800.0 900.0 1000.0,	4 11 8 1 15 10 2 11 12 5 0,	257 239 291 207 403 236 253 265 206 270 54,	unknown UNKNOWN MG1655
MG1655,	3043596,	G->A,	0.0 100.0 200.0 300.0 400.0 500.0 600.0 700.0 800.0 900.0 1000.0,	3 1 3 5 1 4 3 4 4 0 0,	172 93 132 93 167 123 104 149 166 131 167,	stopgain gene2963_yqfB:gene2963_yqfB:exon1:c.C28T:p.Q10X, MG1655
MG1655,	3060773,	G->T,	0.0 100.0 200.0 300.0 400.0 500.0 600.0 700.0 800.0 900.0 1000.0,	4 1 3 2 9 4 0 0 5 7 1,	166 104 126 89 160 104 91 109 118 123 131,	upstream;downstream gene2982_scpA;gene2981_argP
MG1655,	3086521,	C->A,	0.0 100.0 200.0 300.0 400.0 500.0 600.0 700.0 800.0 900.0 1000.0,	2 2 8 1 3 4 4 5 5 8 3,	149 105 145 107 162 89 101 123 130 126 63,	upstream;downstream gene3002_speA,gene3003_yqgB,gene3005_metK;gene3004_yqgC
MG1655,	3154198,	indel;T-1;T+A,	0.0 100.0 200.0 300.0 400.0 500.0 600.0 700.0 800.0 900.0 1000.0,	4 5 6 1 0 4 3 4 4 5 4,	149 107 122 91 175 114 106 146 133 147 74,	frameshift substitution gene3069_yghB:gene3069_yghB:exon1:c.636_636delinsTA, MG1655
MG1655,	3172015,	G->A,	0.0 100.0 200.0 300.0 400.0 500.0 600.0 700.0 800.0 900.0 1000.0,	0 0 0 0 0 0 0 3 1 0 2,	269 199 237 167 352 214 249 276 187 216 32,	nonsynonymous SNV gene3086_ygiZ:gene3086_ygiZ:exon1:c.C197T:p.T66M, MG1655
MG1655,	3172130,	C->A,	0.0 100.0 200.0 300.0 400.0 500.0 600.0 700.0 800.0 900.0 1000.0,	8 11 11 10 23 13 15 8 7 10 0,	282 230 291 206 409 263 262 286 202 266 10,	nonsynonymous SNV gene3086_ygiZ:gene3086_ygiZ:exon1:c.G82T:p.A28S, MG1655
MG1655,	3214640,	C->A,	0.0 100.0 200.0 300.0 400.0 500.0 600.0 700.0 800.0 900.0 1000.0,	0 1 4 1 2 0 0 3 2 2 0,	98 56 70 65 98 63 61 76 96 105 199,	nonsynonymous SNV gene3129_rpoD:gene3129_rpoD:exon1:c.C1594A:p.L532M, MG1655
MG1655,	3214641,	T->A,	0.0 100.0 200.0 300.0 400.0 500.0 600.0 700.0 800.0 900.0 1000.0,	1 2 5 0 2 1 0 2 0 1 0,	101 57 73 63 102 64 60 73 95 107 201,	nonsynonymous SNV gene3129_rpoD:gene3129_rpoD:exon1:c.T1595A:p.L532Q, MG1655
MG1655,	3214648,	T->G,	0.0 100.0 200.0 300.0 400.0 500.0 600.0 700.0 800.0 900.0 1000.0,	5 1 9 3 4 2 2 2 1 3 1,	101 60 76 63 105 74 62 72 94 102 199,	synonymous SNV gene3129_rpoD:gene3129_rpoD:exon1:c.T1602G:p.S534S, MG1655
MG1655,	3214660,	A->G,	0.0 100.0 200.0 300.0 400.0 500.0 600.0 700.0 800.0 900.0 1000.0,	7 8 9 7 11 10 4 12 5 8 3,	125 78 81 63 118 75 72 82 115 124 216,	synonymous SNV gene3129_rpoD:gene3129_rpoD:exon1:c.A1614G:p.E538E, MG1655
MG1655,	3220168,	C->A,	0.0 100.0 200.0 300.0 400.0 500.0 600.0 700.0 800.0 900.0 1000.0,	1 5 1 0 3 1 0 1 1 1 1,	96 92 76 79 128 66 86 97 116 110 202,	stopgain gene3135_patA:gene3135_patA:exon1:c.C675A:p.C225X, MG1655
MG1655,	3234600,	G->T,	0.0 100.0 200.0 300.0 400.0 500.0 600.0 700.0 800.0 900.0 1000.0,	3 2 2 2 4 5 1 0 2 0 1,	145 87 112 73 148 99 103 92 123 135 161,	upstream;downstream gene3144_higA,gene3145_higB;gene3143_fadH,gene3146_rlmG
MG1655,	3258234,	C->A,	0.0 100.0 200.0 300.0 400.0 500.0 600.0 700.0 800.0 900.0 1000.0,	2 2 1 1 4 1 9 3 2 3 0,	130 80 128 131 176 99 145 129 143 150 81,	upstream;downstream gene3171_yhaO;gene3172_tdcG
MG1655,	3277211,	G->T,	0.0 100.0 200.0 300.0 400.0 500.0 600.0 700.0 800.0 900.0 1000.0,	4 5 11 3 8 4 4 7 7 9 4,	202 169 183 138 237 148 156 205 170 202 100,	nonsynonymous SNV gene3188_prlF:gene3188_prlF:exon1:c.G210T:p.L70F, MG1655
MG1655,	3299106,	G->A,	0.0 100.0 200.0 300.0 400.0 500.0 600.0 700.0 800.0 900.0 1000.0,	1 1 1 0 2 5 2 0 0 0 0,	105 73 78 74 132 93 87 103 93 110 155,	nonsynonymous SNV gene3212_yhbO:gene3212_yhbO:exon1:c.G133A:p.G45S, MG1655
MG1655,	3299107,	G->A,	0.0 100.0 200.0 300.0 400.0 500.0 600.0 700.0 800.0 900.0 1000.0,	1 1 2 0 2 6 1 0 0 0 1,	111 72 80 71 132 92 87 101 96 109 154,	nonsynonymous SNV gene3212_yhbO:gene3212_yhbO:exon1:c.G134A:p.G45D, MG1655
MG1655,	3299108,	C->A,	0.0 100.0 200.0 300.0 400.0 500.0 600.0 700.0 800.0 900.0 1000.0,	1 2 3 0 2 7 4 1 0 2 0,	108 73 78 70 130 91 86 104 98 113 157,	synonymous SNV gene3212_yhbO:gene3212_yhbO:exon1:c.C135A:p.G45G, MG1655
MG1655,	3321117,	G->T,	0.0 100.0 200.0 300.0 400.0 500.0 600.0 700.0 800.0 900.0 1000.0,	8 13 5 6 4 12 9 6 9 10 0,	276 229 248 178 375 236 208 274 215 274 43,	nonsynonymous SNV gene3234_yhbX:gene3234_yhbX:exon1:c.C497A:p.A166E, MG1655
MG1655,	3338453,	C->T,	0.0 100.0 200.0 300.0 400.0 500.0 600.0 700.0 800.0 900.0 1000.0,	1 0 4 3 4 1 2 1 0 0 1,	125 84 77 78 143 90 101 112 100 117 87,	synonymous SNV gene3254_mlaD:gene3254_mlaD:exon1:c.G9A:p.T3T, MG1655
MG1655,	3338454,	G->T,	0.0 100.0 200.0 300.0 400.0 500.0 600.0 700.0 800.0 900.0 1000.0,	2 0 5 2 3 1 2 1 0 0 1,	117 81 74 74 139 80 94 112 96 114 88,	nonsynonymous SNV gene3254_mlaD:gene3254_mlaD:exon1:c.C8A:p.T3K, MG1655
MG1655,	3338458,	G->T,	0.0 100.0 200.0 300.0 400.0 500.0 600.0 700.0 800.0 900.0 1000.0,	2 0 5 5 3 2 2 1 1 0 1,	107 67 68 68 106 77 87 102 86 104 98,	nonsynonymous SNV gene3254_mlaD:gene3254_mlaD:exon1:c.C4A:p.Q2K, MG1655
MG1655,	3352381,	G->T,	0.0 100.0 200.0 300.0 400.0 500.0 600.0 700.0 800.0 900.0 1000.0,	4 0 1 2 1 4 2 1 2 0 1,	120 76 120 83 157 73 79 92 118 111 160,	synonymous SNV gene3272_arcB:gene3272_arcB:exon1:c.C645A:p.T215T, MG1655
MG1655,	3362974,	G->T,	0.0 100.0 200.0 300.0 400.0 500.0 600.0 700.0 800.0 900.0 1000.0,	0 2 8 0 5 12 5 3 4 5 1,	221 236 246 195 411 238 233 280 221 261 81,	nonsynonymous SNV gene3278_yhcD:gene3278_yhcD:exon1:c.G168T:p.L56F, MG1655
MG1655,	3378853,	G->T,	0.0 100.0 200.0 300.0 400.0 500.0 600.0 700.0 800.0 900.0 1000.0,	7 2 10 6 9 6 7 9 8 5 2,	178 111 190 133 217 127 124 161 159 174 203,	upstream;downstream gene3292_rpsI,gene3293_rplM;gene3294_zapE
MG1655,	3378855,	G->T,	0.0 100.0 200.0 300.0 400.0 500.0 600.0 700.0 800.0 900.0 1000.0,	6 1 11 5 9 5 6 7 6 4 3,	159 102 163 117 198 112 114 137 134 155 194,	upstream;downstream gene3292_rpsI,gene3293_rplM;gene3294_zapE
MG1655,	3378856,	A->T,	0.0 100.0 200.0 300.0 400.0 500.0 600.0 700.0 800.0 900.0 1000.0,	6 3 9 3 5 6 4 6 8 5 1,	159 105 166 111 191 114 114 134 135 154 195,	upstream;downstream gene3292_rpsI,gene3293_rplM;gene3294_zapE
MG1655,	3378860,	G->T,	0.0 100.0 200.0 300.0 400.0 500.0 600.0 700.0 800.0 900.0 1000.0,	7 1 9 5 9 5 5 8 7 4 3,	159 103 156 111 189 111 114 135 140 150 211,	upstream;downstream gene3292_rpsI,gene3293_rplM;gene3294_zapE
MG1655,	3378862,	G->T,	0.0 100.0 200.0 300.0 400.0 500.0 600.0 700.0 800.0 900.0 1000.0,	6 0 11 2 10 6 5 5 5 4 4,	151 102 158 108 188 115 114 134 137 153 215,	upstream;downstream gene3292_rpsI,gene3293_rplM;gene3294_zapE
MG1655,	3413711,	G->T,	0.0 100.0 200.0 300.0 400.0 500.0 600.0 700.0 800.0 900.0 1000.0,	4 3 6 3 5 11 4 3 1 5 0,	269 213 239 157 366 215 270 256 188 238 28,	upstream;downstream gene3326_acrS,gene3327_acrE;gene3325_yhdU
MG1655,	3440068,	C->T,	0.0 100.0 200.0 300.0 400.0 500.0 600.0 700.0 800.0 900.0 1000.0,	0 43 144 115 228 161 142 159 181 176 213,	238 150 147 115 229 164 142 159 181 177 217,	stopgain gene3357_rpoA:gene3357_rpoA:exon1:c.G962A:p.W321X, MG1655
MG1655,	3465678,	C->A,	0.0 100.0 200.0 300.0 400.0 500.0 600.0 700.0 800.0 900.0 1000.0,	8 4 4 4 7 7 2 8 5 5 1,	166 129 157 123 218 112 134 136 154 164 177,	nonsynonymous SNV gene3397_gspO:gene3397_gspO:exon1:c.C136A:p.Q46K, MG1655
MG1655,	3471329,	T->C,	0.0 100.0 200.0 300.0 400.0 500.0 600.0 700.0 800.0 900.0 1000.0,	252 241 284 175 398 245 231 268 210 258 88,	252 241 284 175 398 245 231 270 210 258 88,	nonsynonymous SNV gene3401_tufA:gene3401_tufA:exon1:c.A1G:p.M1V, MG1655
MG1655,	3476436,	G->A,	0.0 100.0 200.0 300.0 400.0 500.0 600.0 700.0 800.0 900.0 1000.0,	5 1 2 1 2 6 0 3 0 2 0,	192 121 132 121 199 119 121 115 156 146 154,	nonsynonymous SNV gene3408_yheO:gene3408_yheO:exon1:c.C5T:p.S2F, MG1655
MG1655,	3476438,	C->A,	0.0 100.0 200.0 300.0 400.0 500.0 600.0 700.0 800.0 900.0 1000.0,	3 2 1 2 3 6 0 6 3 4 0,	192 119 123 114 199 116 119 118 149 150 158,	nonsynonymous SNV gene3408_yheO:gene3408_yheO:exon1:c.G3T:p.M1I, MG1655
MG1655,	3487072,	G->T,	0.0 100.0 200.0 300.0 400.0 500.0 600.0 700.0 800.0 900.0 1000.0,	1 2 3 5 7 4 1 3 1 7 3,	135 108 109 71 169 89 94 99 143 135 196,	nonsynonymous SNV gene3421_yhfK:gene3421_yhfK:exon1:c.G282T:p.L94F, MG1655
MG1655,	3487075,	G->T,	0.0 100.0 200.0 300.0 400.0 500.0 600.0 700.0 800.0 900.0 1000.0,	1 1 3 3 5 5 1 2 0 6 2,	136 106 106 71 169 91 86 99 136 133 195,	synonymous SNV gene3421_yhfK:gene3421_yhfK:exon1:c.G285T:p.L95L, MG1655
MG1655,	3487403,	C->A,	0.0 100.0 200.0 300.0 400.0 500.0 600.0 700.0 800.0 900.0 1000.0,	3 2 2 0 3 5 1 4 2 9 0,	228 152 180 106 214 146 127 172 187 170 187,	nonsynonymous SNV gene3421_yhfK:gene3421_yhfK:exon1:c.C613A:p.Q205K, MG1655
MG1655,	3528907,	A->T,	0.0 100.0 200.0 300.0 400.0 500.0 600.0 700.0 800.0 900.0 1000.0,	3 7 7 9 0 8 3 1 4 6 1,	269 202 182 178 268 192 202 209 218 242 176,	nonsynonymous SNV gene3461_yrfG:gene3461_yrfG:exon1:c.A239T:p.D80V, MG1655
MG1655,	3529976,	A->T,	0.0 100.0 200.0 300.0 400.0 500.0 600.0 700.0 800.0 900.0 1000.0,	0 0 127 85 182 124 131 131 177 147 166,	169 132 131 87 183 124 132 133 177 148 167,	nonsynonymous SNV gene3463_hslO:gene3463_hslO:exon1:c.A203T:p.Q68L, MG1655
MG1655,	3546012,	T->G,	0.0 100.0 200.0 300.0 400.0 500.0 600.0 700.0 800.0 900.0 1000.0,	6 4 6 4 5 9 2 3 6 6 0,	166 115 117 96 186 101 118 150 139 172 230,	nonsynonymous SNV gene3476_nfuA:gene3476_nfuA:exon1:c.T389G:p.V130G, MG1655
MG1655,	3546021,	T->A,	0.0 100.0 200.0 300.0 400.0 500.0 600.0 700.0 800.0 900.0 1000.0,	4 3 7 0 6 6 3 3 4 4 0,	175 121 126 98 186 104 120 152 139 160 238,	nonsynonymous SNV gene3476_nfuA:gene3476_nfuA:exon1:c.T398A:p.M133K, MG1655
MG1655,	3560455,	indel;C+G;C+A,	0.0 100.0 200.0 300.0 400.0 500.0 600.0 700.0 800.0 900.0 1000.0,	111 77 103 79 137 78 89 88 128 116 205,	111 77 103 79 137 78 89 88 128 116 205,	splicing gene3484_glpR(gene3484_glpR:exon1:c.150+1G>CG,gene3484_glpR:exon2:c.151-2G>CG)
MG1655,	3577455,	G->T,	0.0 100.0 200.0 300.0 400.0 500.0 600.0 700.0 800.0 900.0 1000.0,	1 5 1 2 2 2 0 2 2 1 3,	146 96 84 75 142 99 74 112 112 111 176,	synonymous SNV gene3497_gntK:gene3497_gntK:exon1:c.C138A:p.R46R, MG1655
MG1655,	3580921,	C->A,	0.0 100.0 200.0 300.0 400.0 500.0 600.0 700.0 800.0 900.0 1000.0,	1 2 4 3 8 9 3 7 4 4 2,	182 183 175 121 256 144 140 175 204 211 132,	upstream;downstream gene3500_yhhX,gene3502_yhhY,gene3503_yhhZ;gene3501_ryhB
MG1655,	3609123,	C->A,	0.0 100.0 200.0 300.0 400.0 500.0 600.0 700.0 800.0 900.0 1000.0,	3 2 9 1 7 7 6 8 2 6 0,	231 180 178 138 278 187 197 234 237 244 164,	upstream;downstream gene3531_tusA,gene3532_yhhQ,gene3533_dcrB;gene3530_zntA
MG1655,	3624138,	C->A,	0.0 100.0 200.0 300.0 400.0 500.0 600.0 700.0 800.0 900.0 1000.0,	4 3 2 7 3 2 4 3 1 4 1,	199 148 189 137 293 201 194 207 173 253 19,	unknown UNKNOWN MG1655
MG1655,	3629248,	G->T,	0.0 100.0 200.0 300.0 400.0 500.0 600.0 700.0 800.0 900.0 1000.0,	0 1 5 1 2 1 2 1 1 1 1,	108 80 70 80 136 98 69 120 126 92 224,	synonymous SNV gene3548_rbbA:gene3548_rbbA:exon1:c.C291A:p.G97G, MG1655
MG1655,	3629250,	C->T,	0.0 100.0 200.0 300.0 400.0 500.0 600.0 700.0 800.0 900.0 1000.0,	0 0 4 0 0 2 1 0 1 1 1,	105 81 68 74 136 102 66 118 121 97 228,	nonsynonymous SNV gene3548_rbbA:gene3548_rbbA:exon1:c.G289A:p.G97S, MG1655
MG1655,	3653577,	indel;C+A;C-1,	0.0 100.0 200.0 300.0 400.0 500.0 600.0 700.0 800.0 900.0 1000.0,	3 2 4 10 8 5 4 4 4 6 0,	286 200 237 179 291 184 223 249 233 280 53,	frameshift deletion gene3568_yhiS:gene3568_yhiS:exon2:c.1088delC:p.P363fs, MG1655
MG1655,	3664112,	G->T,	0.0 100.0 200.0 300.0 400.0 500.0 600.0 700.0 800.0 900.0 1000.0,	4 2 2 6 4 5 2 4 1 1 1,	194 120 176 110 254 157 156 205 185 189 123,	synonymous SNV gene3580_gadW:gene3580_gadW:exon1:c.C507A:p.I169I, MG1655
MG1655,	3674687,	G->T,	0.0 100.0 200.0 300.0 400.0 500.0 600.0 700.0 800.0 900.0 1000.0,	6 5 10 4 5 5 6 5 4 8 0,	206 137 155 118 249 128 148 195 191 185 34,	upstream;downstream gene3589_yhjE;gene3588_yhjD
MG1655,	3758383,	G->T,	0.0 100.0 200.0 300.0 400.0 500.0 600.0 700.0 800.0 900.0 1000.0,	1 5 3 0 1 1 0 0 1 1 1,	133 96 96 70 152 89 82 100 131 119 246,	synonymous SNV gene3664_selB:gene3664_selB:exon1:c.C1479A:p.A493A, MG1655
MG1655,	3781120,	T->C,	0.0 100.0 200.0 300.0 400.0 500.0 600.0 700.0 800.0 900.0 1000.0,	4 2 5 3 7 0 4 3 6 5 8,	174 126 150 106 204 133 142 179 149 151 147,	upstream;downstream gene3685_trmL;gene3684_lldD,gene3686_cysE
MG1655,	3781126,	G->C,	0.0 100.0 200.0 300.0 400.0 500.0 600.0 700.0 800.0 900.0 1000.0,	2 1 4 1 8 4 3 7 5 8 5,	161 120 136 101 200 135 142 177 152 149 149,	upstream;downstream gene3685_trmL;gene3684_lldD,gene3686_cysE
MG1655,	3781133,	C->G,	0.0 100.0 200.0 300.0 400.0 500.0 600.0 700.0 800.0 900.0 1000.0,	10 8 6 2 6 2 7 10 7 8 9,	193 136 146 112 209 152 149 198 170 161 187,	upstream;downstream gene3685_trmL;gene3684_lldD,gene3686_cysE
MG1655,	3781138,	A->G,	0.0 100.0 200.0 300.0 400.0 500.0 600.0 700.0 800.0 900.0 1000.0,	8 6 6 3 6 4 3 4 3 3 3,	161 109 123 98 186 124 129 158 139 140 168,	upstream;downstream gene3685_trmL;gene3684_lldD,gene3686_cysE
MG1655,	3781140,	A->G,	0.0 100.0 200.0 300.0 400.0 500.0 600.0 700.0 800.0 900.0 1000.0,	13 9 9 10 14 10 9 10 11 10 10,	146 95 115 89 168 121 110 135 138 124 148,	upstream;downstream gene3685_trmL;gene3684_lldD,gene3686_cysE
MG1655,	3781145,	C->G,	0.0 100.0 200.0 300.0 400.0 500.0 600.0 700.0 800.0 900.0 1000.0,	11 7 7 4 17 8 7 9 8 7 12,	155 106 121 91 185 129 120 155 142 130 171,	upstream;downstream gene3685_trmL;gene3684_lldD,gene3686_cysE
MG1655,	3781150,	T->G,	0.0 100.0 200.0 300.0 400.0 500.0 600.0 700.0 800.0 900.0 1000.0,	8 11 4 2 9 4 2 6 11 15 6,	138 85 101 79 143 92 94 115 122 102 148,	upstream;downstream gene3685_trmL;gene3684_lldD,gene3686_cysE
MG1655,	3781152,	A->G,	0.0 100.0 200.0 300.0 400.0 500.0 600.0 700.0 800.0 900.0 1000.0,	15 7 11 9 14 10 8 13 18 13 11,	138 90 101 84 150 105 100 123 140 105 147,	upstream;downstream gene3685_trmL;gene3684_lldD,gene3686_cysE
MG1655,	3797329,	C->A,	0.0 100.0 200.0 300.0 400.0 500.0 600.0 700.0 800.0 900.0 1000.0,	14 5 9 9 10 6 6 8 2 9 0,	220 200 239 176 369 241 258 323 220 266 4,	nonsynonymous SNV gene3701_waaL:gene3701_waaL:exon1:c.C382A:p.L128I, MG1655
MG1655,	3797336,	C->A,	0.0 100.0 200.0 300.0 400.0 500.0 600.0 700.0 800.0 900.0 1000.0,	18 6 16 8 21 14 11 17 7 15 0,	228 196 249 172 393 257 257 343 228 280 4,	stopgain gene3701_waaL:gene3701_waaL:exon1:c.C389A:p.S130X, MG1655
MG1655,	3799942,	G->A,	0.0 100.0 200.0 300.0 400.0 500.0 600.0 700.0 800.0 900.0 1000.0,	2 0 0 0 0 0 0 0 0 0 2,	335 234 295 202 406 224 288 322 255 349 34,	synonymous SNV gene3703_waaZ:gene3703_waaZ:exon1:c.C255T:p.S85S, MG1655
MG1655,	3838520,	G->T,	0.0 100.0 200.0 300.0 400.0 500.0 600.0 700.0 800.0 900.0 1000.0,	2 2 4 6 2 5 2 3 3 2 1,	164 110 113 120 187 128 114 143 178 177 218,	nonsynonymous SNV gene3740_yicL:gene3740_yicL:exon1:c.G273T:p.L91F, MG1655
MG1655,	3863877,	C->A,	0.0 100.0 200.0 300.0 400.0 500.0 600.0 700.0 800.0 900.0 1000.0,	0 4 6 1 12 2 6 4 3 9 1,	207 138 158 107 220 142 130 181 180 231 120,	upstream;downstream gene3765_glvC,gene3766_yidP;gene3767_yidE
MG1655,	3863881,	C->A,	0.0 100.0 200.0 300.0 400.0 500.0 600.0 700.0 800.0 900.0 1000.0,	3 4 10 1 18 6 6 5 2 9 2,	207 131 157 104 218 140 134 165 171 219 110,	upstream;downstream gene3765_glvC,gene3766_yidP;gene3767_yidE
MG1655,	3870118,	G->A,	0.0 100.0 200.0 300.0 400.0 500.0 600.0 700.0 800.0 900.0 1000.0,	1 0 4 4 2 0 2 1 2 1 0,	144 86 111 76 149 82 119 130 136 160 231,	nonsynonymous SNV gene3772_cbrA:gene3772_cbrA:exon1:c.G742A:p.E248K, MG1655
MG1655,	3905630,	indel;C+AA;C+A;C-1,	0.0 100.0 200.0 300.0 400.0 500.0 600.0 700.0 800.0 900.0 1000.0,	4 8 3 2 9 7 5 4 4 5 7,	192 140 167 141 279 164 140 158 199 202 161,	upstream;downstream gene3805_bglF;gene3806_bglG
MG1655,	3917393,	A->T,	0.0 100.0 200.0 300.0 400.0 500.0 600.0 700.0 800.0 900.0 1000.0,	1 1 3 2 3 0 2 4 7 3 0,	125 126 119 87 187 115 88 143 133 157 128,	upstream;downstream gene3815_atpD;gene3816_atpG,gene3817_atpA
MG1655,	3917395,	A->T,	0.0 100.0 200.0 300.0 400.0 500.0 600.0 700.0 800.0 900.0 1000.0,	4 3 3 4 2 2 1 7 4 4 0,	122 124 118 84 177 110 83 140 120 149 124,	upstream;downstream gene3815_atpD;gene3816_atpG,gene3817_atpA
MG1655,	3917396,	A->T,	0.0 100.0 200.0 300.0 400.0 500.0 600.0 700.0 800.0 900.0 1000.0,	9 7 14 5 7 3 6 8 12 9 0,	122 125 131 85 180 108 86 138 130 156 122,	upstream;downstream gene3815_atpD;gene3816_atpG,gene3817_atpA
MG1655,	3917398,	C->T,	0.0 100.0 200.0 300.0 400.0 500.0 600.0 700.0 800.0 900.0 1000.0,	2 1 1 2 4 0 1 9 1 5 0,	123 126 120 88 187 111 92 151 130 161 133,	upstream;downstream gene3815_atpD;gene3816_atpG,gene3817_atpA
MG1655,	3917405,	A->T,	0.0 100.0 200.0 300.0 400.0 500.0 600.0 700.0 800.0 900.0 1000.0,	2 3 7 3 3 0 0 5 5 3 0,	113 118 121 81 170 102 82 149 139 154 144,	synonymous SNV gene3816_atpG:gene3816_atpG:exon1:c.T861A:p.V287V, MG1655
MG1655,	3917406,	A->G,	0.0 100.0 200.0 300.0 400.0 500.0 600.0 700.0 800.0 900.0 1000.0,	4 4 9 4 8 2 1 8 11 8 0,	112 107 117 80 167 102 80 149 134 145 142,	nonsynonymous SNV gene3816_atpG:gene3816_atpG:exon1:c.T860C:p.V287A, MG1655
MG1655,	3917418,	C->A,	0.0 100.0 200.0 300.0 400.0 500.0 600.0 700.0 800.0 900.0 1000.0,	0 1 3 2 2 1 0 8 4 2 0,	113 110 108 79 168 100 80 133 125 140 149,	nonsynonymous SNV gene3816_atpG:gene3816_atpG:exon1:c.G848T:p.G283V, MG1655
MG1655,	3921893,	A->T,	0.0 100.0 200.0 300.0 400.0 500.0 600.0 700.0 800.0 900.0 1000.0,	1 6 0 2 7 8 3 4 4 11 1,	143 116 119 95 185 119 119 138 124 174 154,	synonymous SNV gene3821_atpB:gene3821_atpB:exon1:c.T159A:p.G53G, MG1655
MG1655,	3935066,	C->A,	0.0 100.0 200.0 300.0 400.0 500.0 600.0 700.0 800.0 900.0 1000.0,	2 1 0 4 3 0 2 9 2 2 3,	174 122 145 114 223 121 130 172 208 169 146,	nonsynonymous SNV gene3832_rbsA:gene3832_rbsA:exon1:c.C1289A:p.A430E, MG1655
MG1655,	3973220,	C->T,	0.0 100.0 200.0 300.0 400.0 500.0 600.0 700.0 800.0 900.0 1000.0,	2 0 8 0 4 4 1 3 1 6 0,	145 123 145 107 212 120 162 171 193 172 202,	synonymous SNV gene3868_rffG:gene3868_rffG:exon1:c.C699T:p.A233A, MG1655
MG1655,	3973223,	C->T,	0.0 100.0 200.0 300.0 400.0 500.0 600.0 700.0 800.0 900.0 1000.0,	1 3 8 3 4 4 0 6 2 6 0,	148 127 145 114 215 116 161 170 192 171 190,	synonymous SNV gene3868_rffG:gene3868_rffG:exon1:c.C702T:p.R234R, MG1655
MG1655,	3973225,	C->T,	0.0 100.0 200.0 300.0 400.0 500.0 600.0 700.0 800.0 900.0 1000.0,	6 4 8 2 8 6 5 5 3 7 0,	146 124 145 111 220 124 162 168 197 173 191,	nonsynonymous SNV gene3868_rffG:gene3868_rffG:exon1:c.C704T:p.A235V, MG1655
MG1655,	3973229,	G->T,	0.0 100.0 200.0 300.0 400.0 500.0 600.0 700.0 800.0 900.0 1000.0,	5 2 9 5 8 5 5 7 5 9 0,	157 147 160 121 261 143 184 202 223 210 211,	synonymous SNV gene3868_rffG:gene3868_rffG:exon1:c.G708T:p.L236L, MG1655
MG1655,	3973230,	T->A,	0.0 100.0 200.0 300.0 400.0 500.0 600.0 700.0 800.0 900.0 1000.0,	3 0 8 3 4 4 1 5 1 5 0,	153 135 150 110 248 131 165 190 211 203 209,	nonsynonymous SNV gene3868_rffG:gene3868_rffG:exon1:c.T709A:p.Y237N, MG1655
MG1655,	3973237,	T->C,	0.0 100.0 200.0 300.0 400.0 500.0 600.0 700.0 800.0 900.0 1000.0,	4 2 10 6 9 6 4 12 6 14 0,	143 134 147 104 238 133 167 186 196 198 189,	nonsynonymous SNV gene3868_rffG:gene3868_rffG:exon1:c.T716C:p.V239A, MG1655
MG1655,	3973249,	G->A,	0.0 100.0 200.0 300.0 400.0 500.0 600.0 700.0 800.0 900.0 1000.0,	2 3 7 4 9 8 2 6 4 8 0,	138 118 137 99 225 129 144 163 194 185 178,	nonsynonymous SNV gene3868_rffG:gene3868_rffG:exon1:c.G728A:p.G243E, MG1655
MG1655,	4001292,	G->T,	0.0 100.0 200.0 300.0 400.0 500.0 600.0 700.0 800.0 900.0 1000.0,	4 6 4 1 8 4 7 3 7 6 3,	207 131 127 111 271 144 139 188 178 198 182,	upstream gene3896_yigE,gene3897_corA
MG1655,	4025374,	C->A,	0.0 100.0 200.0 300.0 400.0 500.0 600.0 700.0 800.0 900.0 1000.0,	1 2 2 1 0 1 5 1 1 1 1,	146 96 92 99 155 93 94 115 126 113 205,	synonymous SNV gene3923_ubiD:gene3923_ubiD:exon1:c.C387A:p.P129P, MG1655
MG1655,	4060271,	indel;G-2;G-1;G+T,	0.0 100.0 200.0 300.0 400.0 500.0 600.0 700.0 800.0 900.0 1000.0,	5 3 5 6 9 7 2 3 8 3 7,	159 76 120 91 186 93 96 130 164 124 149,	upstream;downstream gene3954_yihL,gene3955_yihM;gene3953_typA
MG1655,	4064394,	G->T,	0.0 100.0 200.0 300.0 400.0 500.0 600.0 700.0 800.0 900.0 1000.0,	3 4 1 1 2 8 1 2 3 5 0,	223 140 181 130 243 141 146 200 195 209 81,	nonsynonymous SNV gene3958_yihO:gene3958_yihO:exon1:c.C1373A:p.T458K, MG1655
MG1655,	4075547,	G->A,	0.0 100.0 200.0 300.0 400.0 500.0 600.0 700.0 800.0 900.0 1000.0,	2 6 2 2 5 5 3 1 0 2 1,	190 110 163 132 210 153 163 148 171 169 94,	upstream;downstream gene3967_yihX,gene3968_yihY;gene3965_yihV,gene3966_yihW
MG1655,	4075548,	C->A,	0.0 100.0 200.0 300.0 400.0 500.0 600.0 700.0 800.0 900.0 1000.0,	1 10 5 2 9 5 7 7 5 4 2,	192 115 165 129 214 148 159 155 175 166 95,	upstream;downstream gene3967_yihX,gene3968_yihY;gene3965_yihV,gene3966_yihW
MG1655,	4087222,	T->A,	0.0 100.0 200.0 300.0 400.0 500.0 600.0 700.0 800.0 900.0 1000.0,	4 6 10 7 3 4 6 8 5 5 3,	163 123 181 129 208 132 135 177 160 170 169,	nonsynonymous SNV gene3978_yiiG:gene3978_yiiG:exon1:c.T221A:p.F74Y, MG1655
MG1655,	4087223,	C->A,	0.0 100.0 200.0 300.0 400.0 500.0 600.0 700.0 800.0 900.0 1000.0,	7 10 12 12 4 5 8 11 8 8 3,	168 121 184 133 196 130 133 173 164 175 165,	nonsynonymous SNV gene3978_yiiG:gene3978_yiiG:exon1:c.C222A:p.F74L, MG1655
MG1655,	4087224,	G->A,	0.0 100.0 200.0 300.0 400.0 500.0 600.0 700.0 800.0 900.0 1000.0,	5 6 12 7 2 4 6 5 2 7 1,	176 126 191 135 205 141 138 179 165 176 172,	nonsynonymous SNV gene3978_yiiG:gene3978_yiiG:exon1:c.G223A:p.D75N, MG1655
MG1655,	4087226,	C->A,	0.0 100.0 200.0 300.0 400.0 500.0 600.0 700.0 800.0 900.0 1000.0,	7 6 12 9 4 7 9 11 4 7 2,	172 126 193 137 207 142 141 183 168 175 172,	nonsynonymous SNV gene3978_yiiG:gene3978_yiiG:exon1:c.C225A:p.D75E, MG1655
MG1655,	4087227,	G->A,	0.0 100.0 200.0 300.0 400.0 500.0 600.0 700.0 800.0 900.0 1000.0,	8 7 11 9 5 6 8 12 8 9 2,	179 127 193 136 207 140 141 187 176 179 168,	nonsynonymous SNV gene3978_yiiG:gene3978_yiiG:exon1:c.G226A:p.E76K, MG1655
MG1655,	4097773,	G->T,	0.0 100.0 200.0 300.0 400.0 500.0 600.0 700.0 800.0 900.0 1000.0,	0 3 7 0 3 3 2 4 1 10 0,	185 163 183 117 228 147 177 211 175 190 197,	nonsynonymous SNV gene3987_rhaS:gene3987_rhaS:exon1:c.G38T:p.G13V, MG1655
MG1655,	4101420,	C->A,	0.0 100.0 200.0 300.0 400.0 500.0 600.0 700.0 800.0 900.0 1000.0,	1 0 1 2 1 5 0 0 0 0 1,	135 79 109 97 139 94 88 115 154 144 210,	nonsynonymous SNV gene3990_sodA:gene3990_sodA:exon1:c.C611A:p.A204E, MG1655
MG1655,	4109577,	G->A,	0.0 100.0 200.0 300.0 400.0 500.0 600.0 700.0 800.0 900.0 1000.0,	1 1 1 3 2 7 1 4 1 1 0,	122 80 84 75 153 106 94 122 131 128 143,	synonymous SNV gene3998_sbp:gene3998_sbp:exon1:c.G744A:p.V248V, MG1655
MG1655,	4109583,	G->A,	0.0 100.0 200.0 300.0 400.0 500.0 600.0 700.0 800.0 900.0 1000.0,	3 1 2 0 3 7 0 3 1 4 0,	131 92 87 83 162 115 96 114 136 131 137,	synonymous SNV gene3998_sbp:gene3998_sbp:exon1:c.G750A:p.E250E, MG1655
MG1655,	4126306,	G->T,	0.0 100.0 200.0 300.0 400.0 500.0 600.0 700.0 800.0 900.0 1000.0,	1 0 1 0 1 5 0 1 2 0 3,	130 75 90 58 144 92 88 123 128 98 189,	nonsynonymous SNV gene4016_priA:gene4016_priA:exon1:c.C505A:p.R169S, MG1655
MG1655,	4126309,	G->T,	0.0 100.0 200.0 300.0 400.0 500.0 600.0 700.0 800.0 900.0 1000.0,	1 0 1 0 1 5 2 2 2 0 5,	117 71 89 48 133 81 78 116 122 93 184,	nonsynonymous SNV gene4016_priA:gene4016_priA:exon1:c.C502A:p.L168I, MG1655
MG1655,	4133084,	C->A,	0.0 100.0 200.0 300.0 400.0 500.0 600.0 700.0 800.0 900.0 1000.0,	1 1 0 4 0 1 0 2 0 0 2,	148 91 107 78 150 106 106 147 140 132 183,	nonsynonymous SNV gene4022_metF:gene4022_metF:exon1:c.C469A:p.P157T, MG1655
MG1655,	4158277,	C->A,	0.0 100.0 200.0 300.0 400.0 500.0 600.0 700.0 800.0 900.0 1000.0,	3 2 6 2 3 1 1 5 2 3 0,	178 117 120 95 182 108 112 140 144 166 144,	upstream;downstream gene4042_oxyR;gene4040_argH,gene4041_oxyS
MG1655,	4218082,	G->T,	0.0 100.0 200.0 300.0 400.0 500.0 600.0 700.0 800.0 900.0 1000.0,	1 0 1 2 1 5 2 2 2 1 0,	113 98 122 82 173 90 106 120 157 143 163,	synonymous SNV gene4098_aceK:gene4098_aceK:exon1:c.G672T:p.L224L, MG1655
MG1655,	4277189,	G->T,	0.0 100.0 200.0 300.0 400.0 500.0 600.0 700.0 800.0 900.0 1000.0,	1 1 0 1 1 3 0 0 2 0 1,	69 67 73 66 94 52 89 81 84 82 204,	upstream;downstream gene4146_soxS,gene4148_ryjA,gene4149_ghxP;gene4147_soxR
MG1655,	4286641,	C->T,	0.0 100.0 200.0 300.0 400.0 500.0 600.0 700.0 800.0 900.0 1000.0,	4 2 0 1 5 6 4 5 0 2 2,	182 116 124 112 170 116 129 163 156 144 140,	synonymous SNV gene4155_nrfA:gene4155_nrfA:exon1:c.C63T:p.F21F, MG1655
MG1655,	4294875,	C->T,	0.0 100.0 200.0 300.0 400.0 500.0 600.0 700.0 800.0 900.0 1000.0,	107 52 88 56 83 62 67 66 115 71 102,	313 165 259 163 267 196 216 236 303 241 360,	downstream gene4162_gltP,gene4163_yjcO
MG1655,	4295195,	indel;A+NG;A+CG;A+GG;A+TG,	0.0 100.0 200.0 300.0 400.0 500.0 600.0 700.0 800.0 900.0 1000.0,	77 44 45 41 75 52 35 51 68 60 79,	78 44 45 43 77 53 35 51 68 60 79,	downstream gene4162_gltP,gene4163_yjcO,gene4164_fdhF
MG1655,	4310552,	G->T,	0.0 100.0 200.0 300.0 400.0 500.0 600.0 700.0 800.0 900.0 1000.0,	1 2 0 5 1 2 0 0 1 1 2,	120 100 113 97 140 97 94 119 129 121 181,	synonymous SNV gene4174_alsB:gene4174_alsB:exon1:c.C306A:p.R102R, MG1655
MG1655,	4351307,	C->A,	0.0 100.0 200.0 300.0 400.0 500.0 600.0 700.0 800.0 900.0 1000.0,	6 9 5 9 7 6 8 3 7 7 5,	279 205 233 191 326 242 240 224 227 248 88,	upstream;downstream gene4211_dcuS,gene4214_ghoS,gene4215_ghoT;gene4212_yjdI,gene4213_yjdJ,gene4216_lysU
MG1655,	4388227,	C->T,	0.0 100.0 200.0 300.0 400.0 500.0 600.0 700.0 800.0 900.0 1000.0,	2 0 0 0 2 4 0 3 1 2 1,	137 71 107 79 146 74 73 106 129 110 185,	nonsynonymous SNV gene4250_psd:gene4250_psd:exon1:c.G949A:p.D317N, MG1655
MG1655,	414827,	A->C,	0.0 100.0 200.0 300.0 400.0 500.0 600.0 700.0 800.0 900.0 1000.0,	5 0 2 1 1 5 0 1 4 1 0,	118 88 95 100 136 87 103 90 113 112 222,	nonsynonymous SNV gene402_sbcC:gene402_sbcC:exon1:c.T927G:p.I309M, MG1655
MG1655,	414832,	G->T,	0.0 100.0 200.0 300.0 400.0 500.0 600.0 700.0 800.0 900.0 1000.0,	5 1 2 0 0 5 1 0 3 1 0,	115 82 96 98 137 86 97 89 107 107 220,	nonsynonymous SNV gene402_sbcC:gene402_sbcC:exon1:c.C922A:p.H308N, MG1655
MG1655,	449456,	T->C,	0.0 100.0 200.0 300.0 400.0 500.0 600.0 700.0 800.0 900.0 1000.0,	4 10 9 4 5 5 4 6 6 4 3,	183 114 133 103 177 127 131 126 114 135 170,	nonsynonymous SNV gene436_cyoB:gene436_cyoB:exon1:c.A1186G:p.M396V, MG1655
MG1655,	463803,	C->A,	0.0 100.0 200.0 300.0 400.0 500.0 600.0 700.0 800.0 900.0 1000.0,	1 0 6 2 0 0 0 0 0 3 2,	152 94 107 94 119 81 86 86 134 104 186,	upstream;downstream gene447_ybaV,gene448_fadM;gene446_ppiD
MG1655,	468272,	G->T,	0.0 100.0 200.0 300.0 400.0 500.0 600.0 700.0 800.0 900.0 1000.0,	5 2 4 2 6 6 3 11 4 7 0,	188 122 144 120 200 138 126 147 166 159 132,	upstream;downstream gene450_ybaE,gene452_ybaO,gene453_mdlA;gene451_cof
MG1655,	508617,	T->A,	0.0 100.0 200.0 300.0 400.0 500.0 600.0 700.0 800.0 900.0 1000.0,	1 3 2 3 0 8 1 6 2 0 0,	170 106 135 109 165 112 127 146 167 153 223,	upstream;downstream gene488_ybaP;gene489_ybaQ,gene490_copA
MG1655,	523206,	indel;A-1;A+TT;A+T,	0.0 100.0 200.0 300.0 400.0 500.0 600.0 700.0 800.0 900.0 1000.0,	12 3 3 7 7 15 7 11 4 7 0,	193 171 238 183 273 219 155 199 153 192 34,	upstream;downstream gene503_rhsD;gene502_ybbP
MG1655,	523216,	G->T,	0.0 100.0 200.0 300.0 400.0 500.0 600.0 700.0 800.0 900.0 1000.0,	4 7 8 4 6 6 0 8 2 3 4,	172 157 212 170 255 204 137 190 139 175 32,	upstream;downstream gene503_rhsD;gene502_ybbP
MG1655,	523219,	G->T,	0.0 100.0 200.0 300.0 400.0 500.0 600.0 700.0 800.0 900.0 1000.0,	6 6 1 1 8 5 2 3 3 2 3,	177 166 218 158 263 198 147 191 141 178 38,	upstream;downstream gene503_rhsD;gene502_ybbP
MG1655,	577095,	A->G,	0.0 100.0 200.0 300.0 400.0 500.0 600.0 700.0 800.0 900.0 1000.0,	0 0 0 0 0 0 0 9 24 45 1,	259 203 246 196 308 192 244 233 179 231 6,	upstream gene560_nmpC,gene562_essD,gene563_rrrD
MG1655,	584746,	G->T,	0.0 100.0 200.0 300.0 400.0 500.0 600.0 700.0 800.0 900.0 1000.0,	4 3 1 7 8 16 2 7 6 7 0,	253 169 263 187 302 239 234 201 179 228 27,	nonsynonymous SNV gene576_ompT:gene576_ompT:exon1:c.C888A:p.S296R, MG1655
MG1655,	584747,	C->T,	0.0 100.0 200.0 300.0 400.0 500.0 600.0 700.0 800.0 900.0 1000.0,	3 1 1 6 2 12 2 3 3 4 0,	252 163 256 189 292 238 231 200 169 227 28,	nonsynonymous SNV gene576_ompT:gene576_ompT:exon1:c.G887A:p.S296N, MG1655
MG1655,	584749,	G->T,	0.0 100.0 200.0 300.0 400.0 500.0 600.0 700.0 800.0 900.0 1000.0,	3 2 1 4 6 13 3 3 5 4 0,	257 165 261 188 295 239 231 204 173 222 31,	stopgain gene576_ompT:gene576_ompT:exon1:c.C885A:p.Y295X, MG1655
MG1655,	584751,	A->T,	0.0 100.0 200.0 300.0 400.0 500.0 600.0 700.0 800.0 900.0 1000.0,	2 1 1 5 4 13 2 3 2 4 0,	268 182 280 207 319 251 241 208 182 230 31,	nonsynonymous SNV gene576_ompT:gene576_ompT:exon1:c.T883A:p.Y295N, MG1655
MG1655,	584752,	G->T,	0.0 100.0 200.0 300.0 400.0 500.0 600.0 700.0 800.0 900.0 1000.0,	4 1 3 4 6 14 5 5 3 5 0,	271 185 279 204 325 254 244 208 187 232 30,	nonsynonymous SNV gene576_ompT:gene576_ompT:exon1:c.C882A:p.D294E, MG1655
MG1655,	600481,	C->A,	0.0 100.0 200.0 300.0 400.0 500.0 600.0 700.0 800.0 900.0 1000.0,	1 3 6 1 1 0 3 1 1 2 1,	92 82 112 64 124 91 79 82 83 83 102,	nonsynonymous SNV gene587_cusA:gene587_cusA:exon1:c.C1768A:p.Q590K, MG1655
MG1655,	637698,	indel;G-1;G+T,	0.0 100.0 200.0 300.0 400.0 500.0 600.0 700.0 800.0 900.0 1000.0,	0 0 0 1 1 0 2 0 0 0 2,	202 164 207 162 286 214 185 197 136 194 32,	upstream;downstream gene619_ybdO;gene620_dsbG
MG1655,	638888,	C->A,	0.0 100.0 200.0 300.0 400.0 500.0 600.0 700.0 800.0 900.0 1000.0,	4 7 5 6 2 1 0 1 6 3 1,	203 125 147 132 241 155 118 170 149 178 168,	upstream gene620_dsbG,gene621_ahpC,gene622_ahpF
MG1655,	638889,	C->A,	0.0 100.0 200.0 300.0 400.0 500.0 600.0 700.0 800.0 900.0 1000.0,	6 7 7 4 2 2 3 0 5 3 2,	209 121 146 128 234 150 118 158 143 165 159,	upstream gene620_dsbG,gene621_ahpC,gene622_ahpF
MG1655,	638897,	C->A,	0.0 100.0 200.0 300.0 400.0 500.0 600.0 700.0 800.0 900.0 1000.0,	7 7 10 5 2 3 4 0 6 4 1,	199 122 151 127 222 150 121 159 148 166 159,	upstream gene620_dsbG,gene621_ahpC,gene622_ahpF
MG1655,	681544,	C->A,	0.0 100.0 200.0 300.0 400.0 500.0 600.0 700.0 800.0 900.0 1000.0,	2 0 5 2 1 3 2 7 2 1 0,	163 119 140 134 176 102 97 133 142 147 97,	nonsynonymous SNV gene663_djlC:gene663_djlC:exon1:c.C1333A:p.H445N, MG1655
MG1655,	697148,	G->T,	0.0 100.0 200.0 300.0 400.0 500.0 600.0 700.0 800.0 900.0 1000.0,	1 7 4 3 5 2 2 3 4 4 0,	153 129 129 121 155 138 104 135 133 135 112,	upstream;downstream gene677_glnX,gene678_glnV,gene679_metU,gene680_glnW,gene681_glnU,gene682_leuW,gene683_metT;gene676_ubiF,gene684_asnB
MG1655,	706559,	C->A,	0.0 100.0 200.0 300.0 400.0 500.0 600.0 700.0 800.0 900.0 1000.0,	2 0 5 1 1 1 0 0 1 0 0,	105 91 92 70 136 72 86 88 98 98 188,	nonsynonymous SNV gene690_glnS:gene690_glnS:exon1:c.C467A:p.A156E, MG1655
MG1655,	706565,	T->A,	0.0 100.0 200.0 300.0 400.0 500.0 600.0 700.0 800.0 900.0 1000.0,	2 1 6 1 1 0 1 0 0 0 1,	113 94 96 75 141 73 89 97 104 104 197,	nonsynonymous SNV gene690_glnS:gene690_glnS:exon1:c.T473A:p.F158Y, MG1655
MG1655,	706566,	C->A,	0.0 100.0 200.0 300.0 400.0 500.0 600.0 700.0 800.0 900.0 1000.0,	2 1 6 1 1 0 1 0 0 0 1,	117 91 100 73 146 75 86 101 101 106 206,	nonsynonymous SNV gene690_glnS:gene690_glnS:exon1:c.C474A:p.F158L, MG1655
MG1655,	715648,	C->A,	0.0 100.0 200.0 300.0 400.0 500.0 600.0 700.0 800.0 900.0 1000.0,	1 8 2 2 0 3 1 2 0 0 0,	187 155 174 143 225 155 124 149 156 176 73,	synonymous SNV gene700_ybfP:gene700_ybfP:exon1:c.C237A:p.G79G, MG1655
MG1655,	715650,	G->A,	0.0 100.0 200.0 300.0 400.0 500.0 600.0 700.0 800.0 900.0 1000.0,	1 8 2 2 0 1 1 0 1 0 0,	188 156 170 139 216 154 127 141 157 178 71,	nonsynonymous SNV gene700_ybfP:gene700_ybfP:exon1:c.G239A:p.G80E, MG1655
MG1655,	715651,	G->A,	0.0 100.0 200.0 300.0 400.0 500.0 600.0 700.0 800.0 900.0 1000.0,	2 11 2 3 0 2 0 2 1 1 0,	193 160 170 133 218 152 124 142 157 176 70,	synonymous SNV gene700_ybfP:gene700_ybfP:exon1:c.G240A:p.G80G, MG1655
MG1655,	715654,	C->A,	0.0 100.0 200.0 300.0 400.0 500.0 600.0 700.0 800.0 900.0 1000.0,	1 8 3 2 1 1 0 0 0 1 0,	189 151 171 131 219 146 124 141 157 181 72,	nonsynonymous SNV gene700_ybfP:gene700_ybfP:exon1:c.C243A:p.N81K, MG1655
MG1655,	715655,	G->A,	0.0 100.0 200.0 300.0 400.0 500.0 600.0 700.0 800.0 900.0 1000.0,	1 12 2 2 0 2 0 0 1 1 0,	195 159 165 139 218 152 128 146 163 183 64,	nonsynonymous SNV gene700_ybfP:gene700_ybfP:exon1:c.G244A:p.E82K, MG1655
MG1655,	4408859,	indel;G-1;G+T;G+TT,	0.0 100.0 200.0 300.0 400.0 500.0 600.0 700.0 800.0 900.0 1000.0,	2 5 9 2 9 8 3 5 9 7 1,	177 133 189 136 254 162 177 218 168 214 24,	upstream;downstream gene4272_yjfI,gene4273_yjfJ;gene4270_rnr,gene4271_rlmB
MG1655,	4418538,	G->T,	0.0 100.0 200.0 300.0 400.0 500.0 600.0 700.0 800.0 900.0 1000.0,	5 2 4 4 7 6 8 5 8 6 0,	253 148 172 158 248 158 158 176 190 210 72,	upstream gene4283_ulaG,gene4284_ulaA
MG1655,	4418546,	G->T,	0.0 100.0 200.0 300.0 400.0 500.0 600.0 700.0 800.0 900.0 1000.0,	6 2 6 0 12 7 8 11 5 7 0,	247 148 176 156 244 154 152 179 186 206 70,	upstream gene4283_ulaG,gene4284_ulaA
MG1655,	4474926,	G->A,	0.0 100.0 200.0 300.0 400.0 500.0 600.0 700.0 800.0 900.0 1000.0,	2 0 1 0 2 0 2 0 0 0 2,	322 247 292 215 476 269 329 339 229 328 14,	synonymous SNV gene4341_yjgL:gene4341_yjgL:exon1:c.G675A:p.P225P, MG1655
MG1655,	4479617,	C->A,	0.0 100.0 200.0 300.0 400.0 500.0 600.0 700.0 800.0 900.0 1000.0,	4 0 0 1 2 9 2 1 5 0 1,	201 147 178 147 265 166 132 190 209 204 107,	nonsynonymous SNV gene4345_yjgN:gene4345_yjgN:exon1:c.C1073A:p.A358E, MG1655
MG1655,	4503429,	indel;G-1,	0.0 100.0 200.0 300.0 400.0 500.0 600.0 700.0 800.0 900.0 1000.0,	1 0 2 0 0 1 0 0 0 0 2,	219 286 244 151 286 189 212 236 203 230 20,	frameshift deletion gene4365_yjhB:gene4365_yjhB:exon1:c.557delG:p.R186fs, MG1655
MG1655,	4516907,	C->A,	0.0 100.0 200.0 300.0 400.0 500.0 600.0 700.0 800.0 900.0 1000.0,	1 2 0 1 0 5 0 1 1 0 1,	153 151 144 104 174 95 101 152 154 157 233,	synonymous SNV gene4380_fecI:gene4380_fecI:exon1:c.G144T:p.R48R, MG1655
MG1655,	4516910,	C->A,	0.0 100.0 200.0 300.0 400.0 500.0 600.0 700.0 800.0 900.0 1000.0,	0 4 2 1 3 6 1 1 3 2 2,	151 152 147 103 177 97 106 155 153 163 220,	nonsynonymous SNV gene4380_fecI:gene4380_fecI:exon1:c.G141T:p.L47F, MG1655
MG1655,	4543886,	C->A,	0.0 100.0 200.0 300.0 400.0 500.0 600.0 700.0 800.0 900.0 1000.0,	0 0 1 1 120 98 96 106 115 116 90,	203 194 191 117 213 139 122 172 184 166 101,	upstream;downstream gene4410_fimD;gene4408_fimI,gene4409_fimC
MG1655,	4555575,	indel;G-1;G+T;G+TT,	0.0 100.0 200.0 300.0 400.0 500.0 600.0 700.0 800.0 900.0 1000.0,	6 10 0 2 5 7 8 0 8 3 0,	166 177 175 140 232 148 167 189 157 203 10,	upstream;downstream gene4418_yjiC,gene4419_iraD;gene4420_hypT
MG1655,	4555585,	G->T,	0.0 100.0 200.0 300.0 400.0 500.0 600.0 700.0 800.0 900.0 1000.0,	6 9 13 5 7 9 8 9 14 12 0,	150 171 159 128 211 139 155 180 147 174 9,	upstream;downstream gene4418_yjiC,gene4419_iraD;gene4420_hypT
MG1655,	4555586,	A->T,	0.0 100.0 200.0 300.0 400.0 500.0 600.0 700.0 800.0 900.0 1000.0,	4 6 4 2 4 5 1 5 8 4 0,	148 169 143 116 199 129 155 178 136 174 9,	upstream;downstream gene4418_yjiC,gene4419_iraD;gene4420_hypT
MG1655,	4579209,	G->T,	0.0 100.0 200.0 300.0 400.0 500.0 600.0 700.0 800.0 900.0 1000.0,	0 2 1 0 1 5 1 1 0 0 0,	138 136 117 82 170 93 116 141 142 149 69,	nonsynonymous SNV gene4440_hsdS:gene4440_hsdS:exon1:c.C1069A:p.Q357K, MG1655
MG1655,	807370,	C->A,	0.0 100.0 200.0 300.0 400.0 500.0 600.0 700.0 800.0 900.0 1000.0,	2 2 7 0 2 0 2 0 2 1 0,	187 131 139 101 183 133 102 136 138 131 74,	upstream;downstream gene785_ybhC;gene786_ybhB,gene787_bioA
MG1655,	833694,	G->T,	0.0 100.0 200.0 300.0 400.0 500.0 600.0 700.0 800.0 900.0 1000.0,	3 4 2 6 4 4 0 1 3 3 0,	161 126 136 115 186 112 126 122 159 126 140,	nonsynonymous SNV gene812_dinG:gene812_dinG:exon1:c.G625T:p.V209F, MG1655
MG1655,	833696,	C->T,	0.0 100.0 200.0 300.0 400.0 500.0 600.0 700.0 800.0 900.0 1000.0,	2 4 2 7 1 2 1 1 0 1 0,	149 124 134 122 180 108 124 118 157 125 128,	synonymous SNV gene812_dinG:gene812_dinG:exon1:c.C627T:p.V209V, MG1655
MG1655,	833697,	G->T,	0.0 100.0 200.0 300.0 400.0 500.0 600.0 700.0 800.0 900.0 1000.0,	4 2 2 5 4 6 1 1 3 2 0,	154 122 130 121 174 104 120 112 163 124 128,	nonsynonymous SNV gene812_dinG:gene812_dinG:exon1:c.G628T:p.A210S, MG1655
MG1655,	834662,	C->A,	0.0 100.0 200.0 300.0 400.0 500.0 600.0 700.0 800.0 900.0 1000.0,	2 1 3 5 1 4 1 3 4 2 0,	125 83 103 92 145 99 79 89 140 95 139,	nonsynonymous SNV gene812_dinG:gene812_dinG:exon1:c.C1593A:p.S531R, MG1655
MG1655,	844747,	C->A,	0.0 100.0 200.0 300.0 400.0 500.0 600.0 700.0 800.0 900.0 1000.0,	2 1 0 4 1 0 1 1 2 1 1,	122 69 85 65 124 73 57 79 87 95 131,	nonsynonymous SNV gene821_ybiO:gene821_ybiO:exon1:c.G734T:p.C245F, MG1655
MG1655,	868414,	indel;G-1;G+C,	0.0 100.0 200.0 300.0 400.0 500.0 600.0 700.0 800.0 900.0 1000.0,	4 2 0 0 4 5 6 1 6 3 4,	137 102 114 99 162 108 76 80 125 101 150,	frameshift substitution gene842_gsiA:gene842_gsiA:exon1:c.895_895delinsGC, MG1655
MG1655,	875408,	G->A,	0.0 100.0 200.0 300.0 400.0 500.0 600.0 700.0 800.0 900.0 1000.0,	10 7 3 7 10 6 9 10 5 5 0,	248 196 193 187 326 186 205 187 174 195 87,	nonsynonymous SNV gene847_yliF:gene847_yliF:exon1:c.G74A:p.G25E, MG1655
MG1655,	880704,	G->T,	0.0 100.0 200.0 300.0 400.0 500.0 600.0 700.0 800.0 900.0 1000.0,	5 5 2 5 4 5 3 1 1 2 0,	142 82 111 84 143 110 116 92 107 114 44,	upstream;downstream gene851_gstB,gene852_dacC;gene850_yliI
MG1655,	880708,	G->T,	0.0 100.0 200.0 300.0 400.0 500.0 600.0 700.0 800.0 900.0 1000.0,	3 2 2 4 2 3 0 1 0 2 0,	136 87 116 78 141 110 123 100 105 126 62,	upstream;downstream gene851_gstB,gene852_dacC;gene850_yliI
MG1655,	880709,	G->T,	0.0 100.0 200.0 300.0 400.0 500.0 600.0 700.0 800.0 900.0 1000.0,	3 2 1 4 5 2 2 1 1 1 0,	138 85 122 77 148 110 110 96 109 123 64,	upstream;downstream gene851_gstB,gene852_dacC;gene850_yliI
MG1655,	893860,	C->A,	0.0 100.0 200.0 300.0 400.0 500.0 600.0 700.0 800.0 900.0 1000.0,	1 2 5 2 1 6 3 4 4 1 0,	183 116 131 124 172 107 110 124 117 131 124,	nonsynonymous SNV gene868_potF:gene868_potF:exon1:c.C77A:p.A26E, MG1655
MG1655,	893862,	G->A,	0.0 100.0 200.0 300.0 400.0 500.0 600.0 700.0 800.0 900.0 1000.0,	0 1 2 2 0 7 3 1 1 1 0,	190 114 129 130 175 107 113 127 113 139 123,	nonsynonymous SNV gene868_potF:gene868_potF:exon1:c.G79A:p.A27T, MG1655
MG1655,	893863,	C->A,	0.0 100.0 200.0 300.0 400.0 500.0 600.0 700.0 800.0 900.0 1000.0,	2 5 6 3 1 9 3 6 4 2 1,	182 117 131 127 169 106 111 126 113 131 122,	nonsynonymous SNV gene868_potF:gene868_potF:exon1:c.C80A:p.A27D, MG1655
MG1655,	893865,	G->A,	0.0 100.0 200.0 300.0 400.0 500.0 600.0 700.0 800.0 900.0 1000.0,	0 3 6 2 3 6 4 5 4 4 1,	187 118 137 127 178 106 106 128 113 135 116,	nonsynonymous SNV gene868_potF:gene868_potF:exon1:c.G82A:p.E28K, MG1655
MG1655,	893868,	C->A,	0.0 100.0 200.0 300.0 400.0 500.0 600.0 700.0 800.0 900.0 1000.0,	3 6 6 4 2 8 4 6 5 5 1,	193 121 137 138 178 113 108 129 113 141 114,	nonsynonymous SNV gene868_potF:gene868_potF:exon1:c.C85A:p.Q29K, MG1655
MG1655,	897058,	C->A,	0.0 100.0 200.0 300.0 400.0 500.0 600.0 700.0 800.0 900.0 1000.0,	3 2 1 0 4 5 0 1 1 0 0,	152 111 133 100 170 92 86 101 142 103 116,	nonsynonymous SNV gene870_potH:gene870_potH:exon1:c.C925A:p.Q309K, MG1655
MG1655,	906636,	G->T,	0.0 100.0 200.0 300.0 400.0 500.0 600.0 700.0 800.0 900.0 1000.0,	0 2 0 0 2 3 0 4 0 0 1,	110 90 102 73 149 76 68 74 88 87 166,	nonsynonymous SNV gene882_ybjS:gene882_ybjS:exon1:c.C118A:p.L40M, MG1655
MG1655,	947068,	G->T,	0.0 100.0 200.0 300.0 400.0 500.0 600.0 700.0 800.0 900.0 1000.0,	5 3 9 1 0 4 3 3 1 1 0,	153 87 124 102 152 96 89 124 113 115 59,	upstream;downstream gene913_ycaM;gene912_ycaD
MG1655,	947072,	C->T,	0.0 100.0 200.0 300.0 400.0 500.0 600.0 700.0 800.0 900.0 1000.0,	4 2 6 1 1 3 5 1 1 2 0,	159 97 133 110 162 117 96 134 120 126 55,	upstream;downstream gene913_ycaM;gene912_ycaD
MG1655,	956374,	C->A,	0.0 100.0 200.0 300.0 400.0 500.0 600.0 700.0 800.0 900.0 1000.0,	2 2 0 2 5 3 1 6 2 1 4,	154 110 131 110 156 107 112 106 116 115 182,	nonsynonymous SNV gene919_ycaO:gene919_ycaO:exon1:c.G259T:p.A87S, MG1655
MG1655,	960496,	C->A,	0.0 100.0 200.0 300.0 400.0 500.0 600.0 700.0 800.0 900.0 1000.0,	6 1 1 4 5 2 7 4 1 1 0,	221 152 183 149 259 152 132 136 138 176 141,	nonsynonymous SNV gene923_ycaL:gene923_ycaL:exon1:c.C233A:p.A78E, MG1655
MG1655,	973296,	G->T,	0.0 100.0 200.0 300.0 400.0 500.0 600.0 700.0 800.0 900.0 1000.0,	1 0 4 1 0 2 0 1 2 6 0,	110 73 97 77 133 75 76 76 79 109 117,	nonsynonymous SNV gene934_elyC:gene934_elyC:exon1:c.C106A:p.Q36K, MG1655
MG1655,	987162,	C->A,	0.0 100.0 200.0 300.0 400.0 500.0 600.0 700.0 800.0 900.0 1000.0,	1 4 2 4 5 5 1 7 5 2 0,	175 131 135 120 199 126 102 128 109 121 7,	upstream;downstream gene943_ompF;gene944_asnS
MG1655,	999396,	C->A,	0.0 100.0 200.0 300.0 400.0 500.0 600.0 700.0 800.0 900.0 1000.0,	0 1 1 5 3 3 2 2 2 2 0,	168 116 133 87 174 123 110 120 141 127 98,	nonsynonymous SNV gene954_elfC:gene954_elfC:exon1:c.C181A:p.Q61K, MG1655
MG1655,	1018968,	indel;C+A;C-1,	0.0 100.0 200.0 300.0 400.0 500.0 600.0 700.0 800.0 900.0 1000.0,	1 2 3 0 3 1 4 2 1 1 1,	193 70 109 98 120 98 77 82 119 92 102,	upstream;downstream gene969_ycbZ;gene970_matP,gene971_ompA
MG1655,	1020374,	C->A,	0.0 100.0 200.0 300.0 400.0 500.0 600.0 700.0 800.0 900.0 1000.0,	0 3 4 5 2 0 0 2 2 0 0,	132 104 107 79 124 73 84 90 119 95 108,	upstream;downstream gene971_ompA,gene973_sxy;gene972_sulA
MG1655,	1020377,	C->A,	0.0 100.0 200.0 300.0 400.0 500.0 600.0 700.0 800.0 900.0 1000.0,	3 2 3 4 4 1 0 2 4 0 2,	145 103 103 77 126 79 84 93 128 98 104,	upstream;downstream gene971_ompA,gene973_sxy;gene972_sulA
MG1655,	1029729,	G->A,	0.0 100.0 200.0 300.0 400.0 500.0 600.0 700.0 800.0 900.0 1000.0,	0 0 0 1 5 2 1 0 1 0 1,	103 58 72 75 95 54 47 52 67 66 171,	nonsynonymous SNV gene981_rlmI:gene981_rlmI:exon1:c.C241T:p.R81C, MG1655
MG1655,	1029730,	G->A,	0.0 100.0 200.0 300.0 400.0 500.0 600.0 700.0 800.0 900.0 1000.0,	0 0 0 1 6 0 0 0 2 0 1,	101 55 69 81 98 53 51 49 71 68 170,	synonymous SNV gene981_rlmI:gene981_rlmI:exon1:c.C240T:p.S80S, MG1655
MG1655,	1029731,	G->A,	0.0 100.0 200.0 300.0 400.0 500.0 600.0 700.0 800.0 900.0 1000.0,	2 0 1 2 6 1 0 0 2 0 2,	107 59 75 80 96 54 51 49 71 69 176,	frameshift deletion gene981_rlmI:gene981_rlmI:exon1:c.239delC:p.S80fs, MG1655
MG1655,	1029731,	indel;G+A;G-1,	0.0 100.0 200.0 300.0 400.0 500.0 600.0 700.0 800.0 900.0 1000.0,	1 0 0 4 2 1 0 0 1 0 4,	107 59 75 80 96 54 51 49 71 69 176,	frameshift deletion gene981_rlmI:gene981_rlmI:exon1:c.239delC:p.S80fs, MG1655
MG1655,	1031581,	C->A,	0.0 100.0 200.0 300.0 400.0 500.0 600.0 700.0 800.0 900.0 1000.0,	4 3 3 1 6 9 0 1 1 2 0,	182 120 166 118 192 136 108 123 130 129 69,	upstream;downstream gene983_tusE,gene984_yccA,gene986_hyaA;gene985_serT
MG1655,	1066987,	G->T,	0.0 100.0 200.0 300.0 400.0 500.0 600.0 700.0 800.0 900.0 1000.0,	8 2 3 5 2 5 0 3 1 0 1,	146 86 106 109 126 96 78 88 139 87 123,	nonsynonymous SNV gene1020_yccJ:gene1020_yccJ:exon1:c.C105A:p.D35E, MG1655
MG1655,	1066990,	G->T,	0.0 100.0 200.0 300.0 400.0 500.0 600.0 700.0 800.0 900.0 1000.0,	9 3 3 2 2 3 0 6 2 1 2,	141 83 108 107 125 95 83 91 139 87 123,	stopgain gene1020_yccJ:gene1020_yccJ:exon1:c.C102A:p.Y34X, MG1655
MG1655,	1116638,	G->T,	0.0 100.0 200.0 300.0 400.0 500.0 600.0 700.0 800.0 900.0 1000.0,	9 4 3 0 6 2 3 6 2 4 0,	167 149 155 121 194 139 123 141 98 125 128,	upstream gene1067_lpxL,gene1068_yceA
MG1655,	1121223,	C->A,	0.0 100.0 200.0 300.0 400.0 500.0 600.0 700.0 800.0 900.0 1000.0,	5 2 1 3 2 2 5 1 4 1 0,	146 80 94 118 155 94 100 103 106 134 98,	upstream;downstream gene1072_solA,gene1073_bssS;gene1074_dinI,gene1075_pyrC
MG1655,	1,	junction_1_1_4640467_-1,	0 100 200 300 400 500 600 700 800 900 1000,	185 166 140 106 232 128 132 132 142 182 40,	185.0 166.0 140.0 106.0 232.0 128.0 132.0 132.0 142.0 182.0 40.0
MG1655,	6300,	junction_6300_1_6318_1,	0 100 200 300 400 500 600 700 800 900 1000,	4 12 5 2 11 6 3 2 5 6 3,	193.7 217.4 145.6 158.4 243.2 153.2 141.0 173.1 184.9 198.7 315.2
MG1655,	257907,	junction_257907_-1_258684_1,	0 100 200 300 400 500 600 700 800 900 1000,	153 148 110 105 168 114 97 113 131 153 95,	153.0 148.0 110.0 105.0 168.0 114.0 97.0 113.0 131.0 153.0 95.0
MG1655,	508582,	junction_508582_1_4234215_1,	0 100 200 300 400 500 600 700 800 900 1000,	7 5 2 4 1 10 1 7 2 1 2,	219.0 154.7 184.3 143.3 244.7 163.4 161.2 204.6 190.2 189.4 178.6
MG1655,	696414,	junction_696414_1_696542_1,	0 100 200 300 400 500 600 700 800 900 1000,	12 2 4 3 6 8 4 3 11 4 4,	188.8 104.8 144.6 127.4 171.6 136.3 105.7 126.6 163.5 171.7 208.6
MG1655,	781446,	junction_781446_-1_2521361_-1,	0 100 200 300 400 500 600 700 800 900 1000,	4 4 1 16 10 12 6 3 0 10 0,	319.0 177.0 251.0 235.0 304.0 241.0 191.0 246.0 237.0 213.0 203.0
MG1655,	781446,	junction_781446_-1_781811_1,	0 100 200 300 400 500 600 700 800 900 1000,	28 21 22 15 14 17 11 29 31 15 37,	204.8 121.6 169.8 128.4 176.2 160.4 119.5 170.6 169.9 149.5 154.4
MG1655,	781839,	junction_781839_-1_REP70 (repetitive extragenic palindromic) element_start,	0 100 200 300 400 500 600 700 800 900 1000,	0 0 2 0 2 7 1 7 6 0 0,	77.1 47.2 69.4 37.6 66.6 61.2 42.9 60.4 74.1 61.2 69.7
MG1655,	1207790,	junction_1207790_1_1209619_1,	0 100 200 300 400 500 600 700 800 900 1000,	190 108 64 63 147 86 53 81 75 86 40,	248.1 197.5 236.7 176.4 275.1 198.7 136.6 180.2 175.0 191.5 112.3
MG1655,	1207805,	junction_1207805_-1_1209602_-1,	0 100 200 300 400 500 600 700 800 900 1000,	83 52 33 27 55 48 36 46 45 54 80,	143.5 147.2 212.3 140.4 189.6 167.3 122.9 146.8 149.9 161.9 157.9
MG1655,	1292997,	junction_1292997_1_IS1D_end,	0 100 200 300 400 500 600 700 800 900 1000,	0 0 0 54 158 144 99 84 69 82 15,	233.0 186.0 196.0 131.0 221.0 165.0 146.0 158.0 149.0 145.0 23.0
MG1655,	1293005,	junction_1293005_-1_IS1C_start,	0 100 200 300 400 500 600 700 800 900 1000,	0 1 3 89 237 169 124 123 93 150 71,	266.0 219.0 212.5 189.0 325.5 208.5 194.5 211.5 187.5 230.5 73.5
MG1655,	1299498,	junction_1299498_-1_1300698_1,	0 100 200 300 400 500 600 700 800 900 1000,	219 168 204 183 273 198 151 179 122 179 6,	219.0 168.0 204.0 183.0 273.0 198.0 151.0 179.0 122.0 179.0 6.0
MG1655,	1347634,	junction_1347634_1_1348791_-1,	0 100 200 300 400 500 600 700 800 900 1000,	0 0 0 0 1 1 8 29 40 34 17,	258.4 181.3 166.5 141.6 231.8 164.8 135.9 180.9 212.0 198.4 286.1
MG1655,	1701107,	junction_1701107_-1_1701108_-1,	0 100 200 300 400 500 600 700 800 900 1000,	11 8 7 7 11 14 8 8 4 8 1,	312.0 235.7 230.0 187.4 269.9 188.6 150.2 166.6 191.8 166.5 175.4
MG1655,	1724270,	junction_1724270_1_1724298_1,	0 100 200 300 400 500 600 700 800 900 1000,	12 1 0 3 2 10 1 1 1 0 0,	228.0 188.4 222.6 181.8 200.8 156.4 127.1 184.1 195.2 190.9 211.1
MG1655,	1777231,	junction_1777231_-1_IS1D_end,	0 100 200 300 400 500 600 700 800 900 1000,	178 154 151 154 162 138 107 120 110 119 38,	178.0 154.0 151.0 156.0 163.0 139.0 107.0 120.0 110.0 119.0 38.0
MG1655,	1784297,	junction_1784297_1_IS1H_start,	0 100 200 300 400 500 600 700 800 900 1000,	179 102 147 114 180 108 90 102 107 101 58,	179.0 102.0 147.0 114.0 180.0 108.0 90.0 102.0 107.0 101.0 58.0
MG1655,	1978502,	junction_1978502_-1_1979279_1,	0 100 200 300 400 500 600 700 800 900 1000,	222 186 191 128 241 196 141 148 133 143 18,	222.0 186.0 191.0 128.0 241.0 196.0 141.0 148.0 133.0 143.0 18.0
MG1655,	2074690,	junction_2074690_-1_2074691_-1,	0 100 200 300 400 500 600 700 800 900 1000,	10 9 10 8 11 11 15 9 8 6 2,	426.2 236.2 329.0 240.6 384.6 286.8 227.3 299.1 210.1 255.0 191.9
MG1655,	2174175,	junction_2174175_1_IS1H_start,	0 100 200 300 400 500 600 700 800 900 1000,	0 0 0 0 0 0 0 0 7 14 0,	153.0 126.0 144.0 110.0 159.0 122.0 104.0 104.0 117.0 121.0 102.0
MG1655,	2174183,	junction_2174183_-1_IS1H_end,	0 100 200 300 400 500 600 700 800 900 1000,	0 0 0 0 0 0 0 0 9 13 1,	162.0 127.0 155.0 114.0 167.0 128.0 109.0 105.0 123.0 124.0 98.0
MG1655,	2174311,	junction_2174311_1_IS5F_end,	0 100 200 300 400 500 600 700 800 900 1000,	0 0 0 0 0 0 1 24 34 34 6,	223.0 154.0 182.0 133.0 196.0 169.0 130.0 123.0 105.0 141.0 46.0
MG1655,	2174314,	junction_2174314_-1_IS5I_start,	0 100 200 300 400 500 600 700 800 900 1000,	0 0 0 0 0 0 0 49 43 36 11,	239.3 161.1 196.7 143.4 207.6 184.9 142.3 157.8 121.1 148.7 51.5
MG1655,	2174835,	junction_2174835_1_IS1H_end,	0 100 200 300 400 500 600 700 800 900 1000,	0 0 0 0 0 0 0 0 36 61 0,	253.0 179.0 199.0 155.0 263.0 207.0 118.0 154.0 152.0 162.0 73.0
MG1655,	2174843,	junction_2174843_-1_IS1H_start,	0 100 200 300 400 500 600 700 800 900 1000,	0 0 0 0 0 0 0 0 36 74 0,	261.0 181.0 201.0 152.0 270.0 211.0 123.0 157.0 155.0 176.0 79.0
MG1655,	2177244,	junction_2177244_1_IS1H_end,	0 100 200 300 400 500 600 700 800 900 1000,	0 0 0 0 0 0 0 0 0 14 17,	125.0 107.0 125.0 94.0 147.0 88.0 63.0 89.0 96.0 98.0 23.0
MG1655,	2177251,	junction_2177251_-1_IS1H_start,	0 100 200 300 400 500 600 700 800 900 1000,	0 0 0 0 0 0 0 0 0 18 26,	135.0 113.0 136.0 98.0 154.0 98.0 62.0 94.0 99.0 107.0 29.0
MG1655,	3455535,	junction_3455535_1_IS1H_start,	0 100 200 300 400 500 600 700 800 900 1000,	0 1 9 4 3 5 0 7 0 4 6,	168.0 160.0 183.0 119.0 225.0 196.0 161.0 224.0 112.0 167.0 10.0
MG1655,	3619892,	junction_3619892_1_RIP260 (repetitive extragenic palindromic) element_start,	0 100 200 300 400 500 600 700 800 900 1000,	14 11 7 11 14 10 7 13 12 4 5,	14.0 11.0 7.0 11.0 14.0 10.0 7.0 13.0 12.0 4.0 5.0
MG1655,	3806400,	indel;-30,	0 100 200 300 400 500 600 700 800 900 1000,	10 5 10 2 11 6 7 6 12 10 2,	151.5 111.5 142.0 101.5 190.0 126.0 126.5 136.5 153.5 166.5 149.0
MG1655,	4067707,	junction_4067707_1_4067734_1,	0 100 200 300 400 500 600 700 800 900 1000,	10 0 3 2 4 10 1 9 5 5 0,	256.2 149.0 154.2 169.8 327.4 172.9 132.2 218.2 185.8 210.5 372.5
MG1655,	4124521,	junction_4124521_1_IS5T_end,	0 100 200 300 400 500 600 700 800 900 1000,	0 0 0 0 0 0 22 50 67 82 99,	133.0 103.0 127.0 105.0 195.0 130.0 115.0 97.0 109.0 138.0 111.0
MG1655,	4124524,	junction_4124524_-1_IS5T_start,	0 100 200 300 400 500 600 700 800 900 1000,	0 0 0 0 0 0 35 127 119 164 82,	146.0 121.0 135.0 111.0 202.0 143.0 137.0 178.0 164.0 228.0 95.0
MG1655,	4540870,	junction_4540870_1_IS2I_end,	0 100 200 300 400 500 600 700 800 900 1000,	0 0 50 47 21 1 29 44 68 62 17,	288.0 322.0 245.0 182.0 356.0 209.0 224.0 220.0 178.0 247.0 107.0
MG1655,	4540874,	junction_4540874_-1_IS2K_start,	0 100 200 300 400 500 600 700 800 900 1000,	0 0 97 76 32 1 46 96 98 98 5,	290.0 330.0 290.0 211.0 379.0 206.0 233.0 273.0 213.0 278.0 104.0
MG1655,	4540976,	junction_4540976_1_IS5K_start,	0 100 200 300 400 500 600 700 800 900 1000,	19 14 17 10 30 16 11 17 11 9 19,	258.0 284.0 210.0 156.0 299.0 216.0 198.0 215.0 171.0 219.0 80.0
MG1655,	4541497,	junction_4541497_1_4541811_1,	0 100 200 300 400 500 600 700 800 900 1000,	38 40 52 73 155 93 82 121 110 135 41,	290.3 246.3 190.7 111.5 191.9 126.4 107.9 155.5 128.3 165.3 52.9
MG1655,	4541505,	junction_4541505_-1_4541801_-1,	0 100 200 300 400 500 600 700 800 900 1000,	38 60 67 109 212 105 137 140 124 155 32,	287.6 264.5 209.2 145.8 252.5 142.0 163.8 175.4 142.3 187.1 43.9
MG1655,	4541646,	junction_4541646_1_IS5K_end,	0 100 200 300 400 500 600 700 800 900 1000,	0 1 0 3 37 23 1 0 0 0 0,	198.0 209.0 198.0 138.0 280.0 173.0 170.0 179.0 178.0 186.0 48.0
MG1655,	4541649,	junction_4541649_-1_IS5K_start,	0 100 200 300 400 500 600 700 800 900 1000,	7 5 6 13 45 35 8 5 4 9 6,	226.0 233.0 225.0 156.0 314.0 194.0 193.0 201.0 202.0 202.0 64.0
