MG1655,	6495,	C->A,	0.0 100.0 200.0 300.0 400.0 500.0 600.0 700.0 800.0 900.0 1000.0,	0 0 1 1 4 4 2 4 0 2 8,	138 113 141 117 175 154 124 165 146 124 149,	upstream;downstream gene5_yaaA;gene4_yaaX,gene6_yaaJ
MG1655,	19537,	G->T,	0.0 100.0 200.0 300.0 400.0 500.0 600.0 700.0 800.0 900.0 1000.0,	1 3 0 5 1 1 8 1 0 4 4,	184 135 153 158 198 166 151 151 138 114 158,	nonsynonymous SNV gene19_nhaR:gene19_nhaR:exon1:c.G823T:p.A275S, MG1655
MG1655,	34111,	indel;G-1;G+T;G+TT,	0.0 100.0 200.0 300.0 400.0 500.0 600.0 700.0 800.0 900.0 1000.0,	4 7 13 11 10 8 10 12 9 7 13,	232 213 252 248 242 233 248 215 231 201 223,	upstream;downstream gene33_caiF;gene32_carB,gene34_caiE
MG1655,	34121,	G->T,	0.0 100.0 200.0 300.0 400.0 500.0 600.0 700.0 800.0 900.0 1000.0,	18 27 20 20 17 16 24 12 14 19 19,	236 200 230 228 221 218 225 200 201 175 197,	upstream;downstream gene33_caiF;gene32_carB,gene34_caiE
MG1655,	34122,	C->T,	0.0 100.0 200.0 300.0 400.0 500.0 600.0 700.0 800.0 900.0 1000.0,	7 13 7 6 10 4 17 11 5 6 9,	218 190 223 210 220 213 224 200 203 172 198,	upstream;downstream gene33_caiF;gene32_carB,gene34_caiE
MG1655,	34123,	C->T,	0.0 100.0 200.0 300.0 400.0 500.0 600.0 700.0 800.0 900.0 1000.0,	7 5 5 6 10 5 13 9 5 3 6,	213 191 217 210 214 215 216 191 200 166 193,	upstream;downstream gene33_caiF;gene32_carB,gene34_caiE
MG1655,	36180,	G->T,	0.0 100.0 200.0 300.0 400.0 500.0 600.0 700.0 800.0 900.0 1000.0,	4 2 3 4 3 3 4 1 2 8 4,	169 119 153 126 197 163 140 131 173 131 159,	upstream;downstream gene34_caiE,gene35_caiD;gene36_caiC
MG1655,	36181,	C->T,	0.0 100.0 200.0 300.0 400.0 500.0 600.0 700.0 800.0 900.0 1000.0,	2 0 4 1 0 1 3 0 2 7 4,	167 113 145 129 192 159 138 135 174 126 156,	upstream;downstream gene34_caiE,gene35_caiD;gene36_caiC
MG1655,	68519,	A->T,	0.0 100.0 200.0 300.0 400.0 500.0 600.0 700.0 800.0 900.0 1000.0,	3 0 0 1 2 0 0 1 0 5 0,	77 84 78 87 132 83 75 73 105 100 87,	synonymous SNV gene61_araB:gene61_araB:exon1:c.T1530A:p.A510A, MG1655
MG1655,	107544,	indel;G-1;G+T;G+TT,	0.0 100.0 200.0 300.0 400.0 500.0 600.0 700.0 800.0 900.0 1000.0,	2 3 5 5 6 1 6 3 3 4 7,	163 120 164 142 173 148 167 173 131 126 135,	upstream;downstream gene96_secM,gene97_secA;gene95_lpxC
MG1655,	157827,	G->T,	0.0 100.0 200.0 300.0 400.0 500.0 600.0 700.0 800.0 900.0 1000.0,	1 1 0 1 2 7 0 1 2 1 0,	135 94 104 97 131 110 103 105 119 90 100,	nonsynonymous SNV gene140_pcnB:gene140_pcnB:exon1:c.C1300A:p.Q434K, MG1655
MG1655,	157828,	G->T,	0.0 100.0 200.0 300.0 400.0 500.0 600.0 700.0 800.0 900.0 1000.0,	1 0 0 0 2 6 0 0 1 2 0,	132 89 100 89 120 108 97 98 117 75 97,	nonsynonymous SNV gene140_pcnB:gene140_pcnB:exon1:c.C1299A:p.D433E, MG1655
MG1655,	157835,	G->T,	0.0 100.0 200.0 300.0 400.0 500.0 600.0 700.0 800.0 900.0 1000.0,	0 2 0 1 2 6 1 1 1 0 0,	129 86 97 86 109 101 92 92 110 78 100,	nonsynonymous SNV gene140_pcnB:gene140_pcnB:exon1:c.C1292A:p.P431Q, MG1655
MG1655,	163321,	C->A,	0.0 100.0 200.0 300.0 400.0 500.0 600.0 700.0 800.0 900.0 1000.0,	2 2 1 0 9 0 0 1 0 0 0,	124 102 99 112 144 123 115 144 128 115 112,	nonsynonymous SNV gene145_hrpB:gene145_hrpB:exon1:c.C1217A:p.A406E, MG1655
MG1655,	163323,	C->A,	0.0 100.0 200.0 300.0 400.0 500.0 600.0 700.0 800.0 900.0 1000.0,	5 0 0 0 8 2 0 1 1 0 0,	127 102 97 110 139 126 112 143 129 113 108,	nonsynonymous SNV gene145_hrpB:gene145_hrpB:exon1:c.C1219A:p.Q407K, MG1655
MG1655,	163328,	G->A,	0.0 100.0 200.0 300.0 400.0 500.0 600.0 700.0 800.0 900.0 1000.0,	3 0 2 1 7 1 1 1 0 0 0,	122 98 97 107 136 119 108 136 122 118 107,	synonymous SNV gene145_hrpB:gene145_hrpB:exon1:c.G1224A:p.G408G, MG1655
MG1655,	163329,	C->A,	0.0 100.0 200.0 300.0 400.0 500.0 600.0 700.0 800.0 900.0 1000.0,	4 0 1 0 9 2 1 1 0 0 0,	122 101 95 107 137 118 106 132 117 116 108,	nonsynonymous SNV gene145_hrpB:gene145_hrpB:exon1:c.C1225A:p.Q409K, MG1655
MG1655,	222957,	indel;T-1;T-2;T+A,	0.0 100.0 200.0 300.0 400.0 500.0 600.0 700.0 800.0 900.0 1000.0,	2 2 1 4 1 3 9 0 3 2 0,	197 159 129 146 181 167 155 156 129 158 138,	frameshift substitution gene198_gmhB:gene198_gmhB:exon1:c.125_125delinsTA, MG1655
MG1655,	247214,	A->G,	0.0 100.0 200.0 300.0 400.0 500.0 600.0 700.0 800.0 900.0 1000.0,	0 0 2 43 86 55 18 33 25 2 16,	162 110 136 146 166 149 123 130 175 140 137,	nonsynonymous SNV gene227_yafL:gene227_yafL:exon1:c.A503G:p.N168S, MG1655
MG1655,	296488,	C->T,	0.0 100.0 200.0 300.0 400.0 500.0 600.0 700.0 800.0 900.0 1000.0,	183 151 156 151 186 154 147 162 181 140 183,	184 151 156 151 186 154 147 162 181 140 183,	synonymous SNV gene288_intF:gene288_intF:exon1:c.G609A:p.E203E, MG1655
MG1655,	349717,	T->C,	0.0 100.0 200.0 300.0 400.0 500.0 600.0 700.0 800.0 900.0 1000.0,	0 1 6 2 3 8 2 2 1 1 3,	171 107 135 132 143 117 116 111 135 117 152,	upstream;downstream gene342_prpC;gene341_prpB
MG1655,	380012,	indel;A-1;A-2;A+G;A+GG,	0.0 100.0 200.0 300.0 400.0 500.0 600.0 700.0 800.0 900.0 1000.0,	19 23 20 19 21 16 18 24 21 15 16,	252 261 267 259 250 228 242 246 238 164 240,	upstream;downstream gene365_frmA,gene366_frmR;gene367_yaiO,gene368_yaiX
MG1655,	399986,	A->G,	0.0 100.0 200.0 300.0 400.0 500.0 600.0 700.0 800.0 900.0 1000.0,	6 7 1 6 3 4 9 3 3 5 3,	186 193 155 177 189 193 145 188 160 168 169,	nonsynonymous SNV gene387_ddlA:gene387_ddlA:exon1:c.T938C:p.I313T, MG1655
MG1655,	399992,	A->G,	0.0 100.0 200.0 300.0 400.0 500.0 600.0 700.0 800.0 900.0 1000.0,	10 5 5 8 2 6 8 9 1 8 5,	197 192 171 191 191 200 165 205 168 171 160,	nonsynonymous SNV gene387_ddlA:gene387_ddlA:exon1:c.T932C:p.V311A, MG1655
MG1655,	1222314,	G->T,	0.0 100.0 200.0 300.0 400.0 500.0 600.0 700.0 800.0 900.0 1000.0,	1 5 3 4 0 2 3 4 3 1 1,	115 97 105 119 97 103 79 90 94 96 90,	synonymous SNV gene1186_ymgD:gene1186_ymgD:exon1:c.C321A:p.G107G, MG1655
MG1655,	1229562,	G->T,	0.0 100.0 200.0 300.0 400.0 500.0 600.0 700.0 800.0 900.0 1000.0,	3 0 8 5 4 2 1 1 2 1 3,	166 131 156 153 135 143 129 134 123 112 122,	nonsynonymous SNV gene1199_hlyE:gene1199_hlyE:exon1:c.C833A:p.A278D, MG1655
MG1655,	1229917,	A->T,	0.0 100.0 200.0 300.0 400.0 500.0 600.0 700.0 800.0 900.0 1000.0,	2 5 1 2 0 0 1 1 0 1 1,	114 99 102 84 98 76 89 61 66 88 70,	nonsynonymous SNV gene1199_hlyE:gene1199_hlyE:exon1:c.T478A:p.S160T, MG1655
MG1655,	1246263,	G->T,	0.0 100.0 200.0 300.0 400.0 500.0 600.0 700.0 800.0 900.0 1000.0,	1 1 2 0 1 5 1 2 2 6 3,	113 72 91 103 104 98 84 81 86 106 95,	nonsynonymous SNV gene1214_treA:gene1214_treA:exon1:c.C1114A:p.Q372K, MG1655
MG1655,	1246266,	G->T,	0.0 100.0 200.0 300.0 400.0 500.0 600.0 700.0 800.0 900.0 1000.0,	0 1 0 0 1 5 1 2 2 3 1,	113 70 84 96 105 91 80 79 89 99 91,	nonsynonymous SNV gene1214_treA:gene1214_treA:exon1:c.C1111A:p.R371S, MG1655
MG1655,	1273443,	G->T,	0.0 100.0 200.0 300.0 400.0 500.0 600.0 700.0 800.0 900.0 1000.0,	3 0 3 3 4 3 5 2 2 0 0,	163 114 144 121 136 132 94 127 104 101 105,	nonsynonymous SNV gene1242_ychN:gene1242_ychN:exon1:c.C157A:p.Q53K, MG1655
MG1655,	1280013,	indel;C-1,	0.0 100.0 200.0 300.0 400.0 500.0 600.0 700.0 800.0 900.0 1000.0,	0 0 6 0 2 0 0 0 0 0 0,	136 111 120 113 134 98 122 118 92 121 100,	frameshift deletion gene1247_narG:gene1247_narG:exon1:c.150delC:p.H50fs, MG1655
MG1655,	1284010,	C->A,	0.0 100.0 200.0 300.0 400.0 500.0 600.0 700.0 800.0 900.0 1000.0,	4 0 6 2 1 0 0 0 3 0 1,	96 81 97 77 67 81 65 60 75 82 57,	nonsynonymous SNV gene1248_narH:gene1248_narH:exon1:c.C407A:p.A136E, MG1655
MG1655,	1284011,	G->A,	0.0 100.0 200.0 300.0 400.0 500.0 600.0 700.0 800.0 900.0 1000.0,	3 0 7 2 1 1 1 1 1 0 1,	103 80 101 79 72 87 69 64 77 91 57,	synonymous SNV gene1248_narH:gene1248_narH:exon1:c.G408A:p.A136A, MG1655
MG1655,	1284017,	C->A,	0.0 100.0 200.0 300.0 400.0 500.0 600.0 700.0 800.0 900.0 1000.0,	4 0 7 2 1 0 0 1 0 1 0,	100 98 114 91 80 105 77 66 85 99 66,	synonymous SNV gene1248_narH:gene1248_narH:exon1:c.C414A:p.I138I, MG1655
MG1655,	1306938,	G->A,	0.0 100.0 200.0 300.0 400.0 500.0 600.0 700.0 800.0 900.0 1000.0,	0 2 1 0 0 1 4 1 0 0 0,	140 73 106 86 99 85 80 71 80 83 69,	synonymous SNV gene1270_yciU:gene1270_yciU:exon1:c.C213T:p.A71A, MG1655
MG1655,	1356297,	A->T,	0.0 100.0 200.0 300.0 400.0 500.0 600.0 700.0 800.0 900.0 1000.0,	0 0 0 4 18 46 55 55 90 88 72,	113 77 117 89 99 79 76 76 97 92 81,	nonsynonymous SNV gene1321_sapA:gene1321_sapA:exon1:c.T814A:p.W272R, MG1655
MG1655,	1370035,	indel;G-1;G+T;G+TT,	0.0 100.0 200.0 300.0 400.0 500.0 600.0 700.0 800.0 900.0 1000.0,	4 5 6 5 2 7 3 3 9 5 4,	181 152 170 142 151 171 124 130 146 124 109,	upstream;downstream gene1336_ycjM;gene1333_pspC,gene1334_pspD,gene1335_pspE
MG1655,	1390704,	G->T,	0.0 100.0 200.0 300.0 400.0 500.0 600.0 700.0 800.0 900.0 1000.0,	2 1 5 4 1 5 2 4 4 5 8,	196 132 165 155 153 138 139 117 133 111 122,	upstream;downstream gene1353_mpaA;gene1352_ycjG,gene1354_ymjC,gene1355_ymjD,gene1356_ycjY
MG1655,	1393442,	G->A,	0.0 100.0 200.0 300.0 400.0 500.0 600.0 700.0 800.0 900.0 1000.0,	0 0 3 1 5 1 1 3 2 0 5,	154 119 138 98 126 117 118 122 107 110 98,	synonymous SNV gene1358_mppA:gene1358_mppA:exon1:c.G216A:p.Q72Q, MG1655
MG1655,	1400831,	C->A,	0.0 100.0 200.0 300.0 400.0 500.0 600.0 700.0 800.0 900.0 1000.0,	0 3 7 4 4 8 3 3 3 3 4,	149 156 136 139 132 112 105 122 130 124 101,	nonsynonymous SNV gene1365_abgT:gene1365_abgT:exon1:c.G943T:p.V315F, MG1655
MG1655,	1400834,	C->A,	0.0 100.0 200.0 300.0 400.0 500.0 600.0 700.0 800.0 900.0 1000.0,	1 3 9 4 5 11 4 3 4 3 6,	143 150 134 138 135 114 113 127 125 115 107,	nonsynonymous SNV gene1365_abgT:gene1365_abgT:exon1:c.G940T:p.V314F, MG1655
MG1655,	1400838,	G->A,	0.0 100.0 200.0 300.0 400.0 500.0 600.0 700.0 800.0 900.0 1000.0,	0 3 6 2 3 8 0 3 2 2 1,	144 161 140 139 141 120 106 132 128 121 107,	synonymous SNV gene1365_abgT:gene1365_abgT:exon1:c.C936T:p.F312F, MG1655
MG1655,	1434830,	C->A,	0.0 100.0 200.0 300.0 400.0 500.0 600.0 700.0 800.0 900.0 1000.0,	1 5 4 3 7 1 3 3 1 0 4,	189 133 152 126 139 110 129 112 104 132 133,	upstream;downstream gene1406_ynaE;gene1407_ttcC,gene1408_uspF,gene1409_ompN
MG1655,	1434839,	C->A,	0.0 100.0 200.0 300.0 400.0 500.0 600.0 700.0 800.0 900.0 1000.0,	3 8 7 10 8 6 4 4 2 3 6,	174 136 147 124 129 112 122 116 100 135 128,	upstream;downstream gene1406_ynaE;gene1407_ttcC,gene1408_uspF,gene1409_ompN
MG1655,	1434850,	C->A,	0.0 100.0 200.0 300.0 400.0 500.0 600.0 700.0 800.0 900.0 1000.0,	7 9 12 5 2 7 3 4 5 7 7,	163 145 158 108 119 130 123 112 114 134 131,	upstream;downstream gene1406_ynaE;gene1407_ttcC,gene1408_uspF,gene1409_ompN
MG1655,	1437222,	indel;C+T;C-1,	0.0 100.0 200.0 300.0 400.0 500.0 600.0 700.0 800.0 900.0 1000.0,	3 3 7 2 4 3 5 2 3 3 4,	107 104 128 104 104 90 91 89 80 92 80,	ncRNA_exonic gene1410_micC
MG1655,	1465245,	C->T,	0.0 100.0 200.0 300.0 400.0 500.0 600.0 700.0 800.0 900.0 1000.0,	4 1 1 2 3 1 2 0 0 1 1,	54 107 107 73 41 62 65 71 59 52 62,	upstream;downstream gene1435_ynbG,gene1436_ydbA;gene1433_paaX,gene1434_paaY
MG1655,	1465250,	G->T,	0.0 100.0 200.0 300.0 400.0 500.0 600.0 700.0 800.0 900.0 1000.0,	0 2 1 1 5 0 0 1 0 0 0,	56 123 115 75 45 69 72 76 62 55 67,	upstream;downstream gene1435_ynbG,gene1436_ydbA;gene1433_paaX,gene1434_paaY
MG1655,	1466636,	T->C,	0.0 100.0 200.0 300.0 400.0 500.0 600.0 700.0 800.0 900.0 1000.0,	2 5 1 0 3 0 1 1 2 1 1,	125 78 138 102 120 121 83 98 119 85 106,	synonymous SNV gene1436_ydbA:gene1436_ydbA:exon1:c.T1245C:p.I415I, MG1655
MG1655,	1502390,	C->T,	0.0 100.0 200.0 300.0 400.0 500.0 600.0 700.0 800.0 900.0 1000.0,	0 0 0 1 6 2 0 4 2 0 1,	174 118 166 148 118 155 121 146 129 142 122,	upstream;downstream gene1466_ydcL;gene1464_tehA,gene1465_tehB,gene1467_insP
MG1655,	1505456,	C->A,	0.0 100.0 200.0 300.0 400.0 500.0 600.0 700.0 800.0 900.0 1000.0,	6 7 9 9 4 0 7 4 3 7 4,	146 126 153 132 100 118 99 103 116 110 104,	nonsynonymous SNV gene1469_ydcO:gene1469_ydcO:exon1:c.G625T:p.A209S, MG1655
MG1655,	1505460,	C->A,	0.0 100.0 200.0 300.0 400.0 500.0 600.0 700.0 800.0 900.0 1000.0,	3 5 5 4 4 0 6 3 3 2 2,	144 132 145 135 110 113 104 112 118 113 104,	synonymous SNV gene1469_ydcO:gene1469_ydcO:exon1:c.G621T:p.S207S, MG1655
MG1655,	1505461,	G->A,	0.0 100.0 200.0 300.0 400.0 500.0 600.0 700.0 800.0 900.0 1000.0,	0 2 7 8 5 0 5 3 3 3 3,	146 133 153 149 117 117 103 113 122 115 108,	nonsynonymous SNV gene1469_ydcO:gene1469_ydcO:exon1:c.C620T:p.S207L, MG1655
MG1655,	1510780,	C->A,	0.0 100.0 200.0 300.0 400.0 500.0 600.0 700.0 800.0 900.0 1000.0,	4 2 4 2 4 4 2 3 2 1 5,	134 117 110 87 118 107 84 102 94 80 83,	nonsynonymous SNV gene1475_ydcR:gene1475_ydcR:exon1:c.C778A:p.Q260K, MG1655
MG1655,	1537949,	G->A,	0.0 100.0 200.0 300.0 400.0 500.0 600.0 700.0 800.0 900.0 1000.0,	2 4 3 3 3 4 2 2 1 6 1,	159 121 154 137 126 117 116 96 110 105 115,	nonsynonymous SNV gene1503_narY:gene1503_narY:exon1:c.C905T:p.P302L, MG1655
MG1655,	1579159,	C->A,	0.0 100.0 200.0 300.0 400.0 500.0 600.0 700.0 800.0 900.0 1000.0,	1 3 1 2 2 0 10 3 0 3 5,	264 213 240 226 195 204 179 179 184 189 166,	nonsynonymous SNV gene1531_yddA:gene1531_yddA:exon1:c.G184T:p.A62S, MG1655
MG1655,	1595040,	G->T,	0.0 100.0 200.0 300.0 400.0 500.0 600.0 700.0 800.0 900.0 1000.0,	3 0 1 0 0 2 5 0 1 0 1,	130 106 108 111 89 101 85 83 91 101 94,	nonsynonymous SNV gene1544_yneO:gene1544_yneO:exon1:c.C2948A:p.A983E, MG1655
MG1655,	1608816,	A->T,	0.0 100.0 200.0 300.0 400.0 500.0 600.0 700.0 800.0 900.0 1000.0,	0 5 5 4 2 3 0 0 0 1 0,	138 111 96 121 106 89 89 74 107 89 81,	synonymous SNV gene1554_yneE:gene1554_yneE:exon1:c.T207A:p.G69G, MG1655
MG1655,	1608820,	A->T,	0.0 100.0 200.0 300.0 400.0 500.0 600.0 700.0 800.0 900.0 1000.0,	0 1 2 6 1 3 0 0 1 0 0,	135 111 84 118 100 80 94 70 103 83 82,	nonsynonymous SNV gene1554_yneE:gene1554_yneE:exon1:c.T203A:p.L68H, MG1655
MG1655,	1608824,	A->T,	0.0 100.0 200.0 300.0 400.0 500.0 600.0 700.0 800.0 900.0 1000.0,	5 2 2 8 3 2 3 1 5 1 2,	138 108 84 123 104 83 94 74 104 84 80,	nonsynonymous SNV gene1554_yneE:gene1554_yneE:exon1:c.T199A:p.F67I, MG1655
MG1655,	1608833,	T->G,	0.0 100.0 200.0 300.0 400.0 500.0 600.0 700.0 800.0 900.0 1000.0,	1 1 5 2 0 1 0 0 0 0 1,	124 102 83 115 94 85 89 66 100 82 74,	nonsynonymous SNV gene1554_yneE:gene1554_yneE:exon1:c.A190C:p.I64L, MG1655
MG1655,	1608838,	indel;A+C,	0.0 100.0 200.0 300.0 400.0 500.0 600.0 700.0 800.0 900.0 1000.0,	2 1 1 3 2 4 0 1 1 0 0,	133 100 80 116 97 80 85 72 96 86 72,	frameshift substitution gene1554_yneE:gene1554_yneE:exon1:c.185_185delinsGT, MG1655
MG1655,	1625940,	C->A,	0.0 100.0 200.0 300.0 400.0 500.0 600.0 700.0 800.0 900.0 1000.0,	2 0 1 2 3 1 5 5 2 0 0,	155 112 136 118 116 103 75 107 124 93 88,	nonsynonymous SNV gene1574_dcp:gene1574_dcp:exon1:c.G1441T:p.A481S, MG1655
MG1655,	1637374,	C->A,	0.0 100.0 200.0 300.0 400.0 500.0 600.0 700.0 800.0 900.0 1000.0,	3 7 8 12 5 6 6 3 5 2 5,	261 234 239 207 170 185 142 169 164 143 161,	nonsynonymous SNV gene1586_ydfO:gene1586_ydfO:exon1:c.C328A:p.Q110K, MG1655
MG1655,	1639262,	G->T,	0.0 100.0 200.0 300.0 400.0 500.0 600.0 700.0 800.0 900.0 1000.0,	3 2 1 0 2 1 5 0 0 0 0,	117 106 121 111 87 96 93 91 78 109 84,	nonsynonymous SNV gene1590_rzpQ:gene1590_rzpQ:exon1:c.C266A:p.A89D,gene1591_rzoQ:gene1591_rzoQ:exon1:c.C73A:p.P25T, MG1655
MG1655,	1646141,	G->T,	0.0 100.0 200.0 300.0 400.0 500.0 600.0 700.0 800.0 900.0 1000.0,	8 7 10 4 8 5 4 5 2 4 4,	183 167 164 154 146 117 147 117 148 120 117,	nonsynonymous SNV gene1603_ydfV:gene1603_ydfV:exon1:c.G245T:p.C82F, MG1655
MG1655,	1646147,	G->T,	0.0 100.0 200.0 300.0 400.0 500.0 600.0 700.0 800.0 900.0 1000.0,	4 5 9 2 6 3 3 6 1 2 3,	178 157 163 157 133 109 156 110 143 107 113,	nonsynonymous SNV gene1603_ydfV:gene1603_ydfV:exon1:c.G251T:p.S84I, MG1655
MG1655,	1655646,	C->A,	0.0 100.0 200.0 300.0 400.0 500.0 600.0 700.0 800.0 900.0 1000.0,	4 4 13 7 2 2 3 6 5 2 5,	227 258 231 226 204 179 144 186 149 144 184,	nonsynonymous SNV gene1620_ynfA:gene1620_ynfA:exon1:c.G28T:p.A10S, MG1655
MG1655,	1659877,	C->A,	0.0 100.0 200.0 300.0 400.0 500.0 600.0 700.0 800.0 900.0 1000.0,	5 1 3 4 1 5 0 5 3 2 2,	129 100 149 113 106 136 96 93 112 115 105,	nonsynonymous SNV gene1625_ynfE:gene1625_ynfE:exon1:c.C1809A:p.D603E, MG1655
MG1655,	1659882,	T->A,	0.0 100.0 200.0 300.0 400.0 500.0 600.0 700.0 800.0 900.0 1000.0,	2 1 3 3 1 5 0 5 2 1 1,	122 97 152 119 104 128 90 87 105 111 101,	nonsynonymous SNV gene1625_ynfE:gene1625_ynfE:exon1:c.T1814A:p.L605Q, MG1655
MG1655,	1659883,	G->A,	0.0 100.0 200.0 300.0 400.0 500.0 600.0 700.0 800.0 900.0 1000.0,	3 1 2 4 1 2 1 6 2 2 2,	128 100 152 119 104 131 93 89 108 110 104,	synonymous SNV gene1625_ynfE:gene1625_ynfE:exon1:c.G1815A:p.L605L, MG1655
MG1655,	1705761,	C->A,	0.0 100.0 200.0 300.0 400.0 500.0 600.0 700.0 800.0 900.0 1000.0,	3 3 6 1 0 0 7 1 1 3 0,	201 175 170 146 135 129 132 119 144 118 92,	upstream;downstream gene1667_rsxA,gene1668_rsxB;gene1665_cnu,gene1666_ydgK
MG1655,	1708805,	T->C,	0.0 100.0 200.0 300.0 400.0 500.0 600.0 700.0 800.0 900.0 1000.0,	0 0 3 1 2 1 2 5 2 1 3,	102 58 72 60 79 76 68 61 72 69 61,	synonymous SNV gene1669_rsxC:gene1669_rsxC:exon1:c.T1887C:p.R629R, MG1655
MG1655,	1714317,	indel;C+T;C-1,	0.0 100.0 200.0 300.0 400.0 500.0 600.0 700.0 800.0 900.0 1000.0,	7 2 3 1 0 0 3 3 1 4 2,	129 82 131 78 80 81 80 89 99 93 89,	upstream;downstream gene1675_gstA;gene1674_dtpA,gene1676_pdxY
MG1655,	1732640,	C->A,	0.0 100.0 200.0 300.0 400.0 500.0 600.0 700.0 800.0 900.0 1000.0,	1 0 7 1 2 0 0 0 1 0 3,	113 82 105 82 105 106 100 77 86 110 83,	stopgain gene1693_lhr:gene1693_lhr:exon1:c.C3554A:p.S1185X, MG1655
MG1655,	1732645,	C->A,	0.0 100.0 200.0 300.0 400.0 500.0 600.0 700.0 800.0 900.0 1000.0,	3 0 4 1 8 1 1 1 2 2 4,	106 80 101 82 105 108 95 73 84 104 80,	nonsynonymous SNV gene1693_lhr:gene1693_lhr:exon1:c.C3559A:p.Q1187K, MG1655
MG1655,	1747151,	G->T,	0.0 100.0 200.0 300.0 400.0 500.0 600.0 700.0 800.0 900.0 1000.0,	3 0 1 1 2 3 2 5 4 3 5,	137 100 134 121 93 121 99 100 99 117 117,	synonymous SNV gene1709_ydhS:gene1709_ydhS:exon1:c.G21T:p.V7V, MG1655
MG1655,	1747159,	G->C,	0.0 100.0 200.0 300.0 400.0 500.0 600.0 700.0 800.0 900.0 1000.0,	3 2 5 5 5 6 1 7 5 3 5,	138 112 139 125 105 121 105 108 110 126 119,	nonsynonymous SNV gene1709_ydhS:gene1709_ydhS:exon1:c.G29C:p.G10A, MG1655
MG1655,	1747166,	G->C,	0.0 100.0 200.0 300.0 400.0 500.0 600.0 700.0 800.0 900.0 1000.0,	4 0 2 4 4 3 2 7 6 2 2,	163 124 166 145 115 142 116 122 124 144 132,	synonymous SNV gene1709_ydhS:gene1709_ydhS:exon1:c.G36C:p.T12T, MG1655
MG1655,	1770780,	C->A,	0.0 100.0 200.0 300.0 400.0 500.0 600.0 700.0 800.0 900.0 1000.0,	4 2 2 2 2 6 1 0 1 0 3,	146 129 136 127 127 116 93 92 111 98 94,	nonsynonymous SNV gene1732_ydiL:gene1732_ydiL:exon1:c.C166A:p.Q56K, MG1655
MG1655,	1770783,	C->A,	0.0 100.0 200.0 300.0 400.0 500.0 600.0 700.0 800.0 900.0 1000.0,	4 2 4 3 2 8 5 2 3 2 3,	146 115 140 122 121 119 102 95 110 93 87,	nonsynonymous SNV gene1732_ydiL:gene1732_ydiL:exon1:c.C169A:p.Q57K, MG1655
MG1655,	1789350,	G->A,	0.0 100.0 200.0 300.0 400.0 500.0 600.0 700.0 800.0 900.0 1000.0,	1 2 0 0 0 0 1 2 2 0 0,	83 52 71 40 54 46 42 37 51 49 41,	nonsynonymous SNV gene1747_aroH:gene1747_aroH:exon1:c.G916A:p.E306K, MG1655
MG1655,	1805037,	C->T,	0.0 100.0 200.0 300.0 400.0 500.0 600.0 700.0 800.0 900.0 1000.0,	2 4 3 1 7 2 1 1 0 1 0,	206 194 194 171 138 165 161 133 140 134 121,	upstream;downstream gene1764_yniD;gene1763_arpB,gene1765_ydiY
MG1655,	1844594,	G->T,	0.0 100.0 200.0 300.0 400.0 500.0 600.0 700.0 800.0 900.0 1000.0,	5 4 10 5 5 4 5 3 4 5 3,	189 176 178 183 183 169 155 157 145 142 137,	nonsynonymous SNV gene1805_ynjI:gene1805_ynjI:exon1:c.C278A:p.A93E, MG1655
MG1655,	1844919,	C->A,	0.0 100.0 200.0 300.0 400.0 500.0 600.0 700.0 800.0 900.0 1000.0,	2 3 5 6 0 1 7 2 4 1 2,	157 133 178 137 136 151 137 129 119 107 105,	upstream;downstream gene1805_ynjI;gene1806_topB
MG1655,	1861677,	C->A,	0.0 100.0 200.0 300.0 400.0 500.0 600.0 700.0 800.0 900.0 1000.0,	4 6 1 2 3 10 3 1 2 4 1,	189 152 169 155 146 133 140 116 144 119 120,	upstream;downstream gene1819_ydjL;gene1820_yeaC,gene1821_msrB
MG1655,	1861678,	C->A,	0.0 100.0 200.0 300.0 400.0 500.0 600.0 700.0 800.0 900.0 1000.0,	7 4 1 4 6 14 5 2 3 2 2,	195 140 158 150 143 136 135 113 142 114 110,	upstream;downstream gene1819_ydjL;gene1820_yeaC,gene1821_msrB
MG1655,	1861683,	C->A,	0.0 100.0 200.0 300.0 400.0 500.0 600.0 700.0 800.0 900.0 1000.0,	6 5 3 3 6 10 2 4 4 4 4,	201 147 172 162 152 138 136 120 148 114 123,	upstream;downstream gene1819_ydjL;gene1820_yeaC,gene1821_msrB
MG1655,	1865682,	G->C,	0.0 100.0 200.0 300.0 400.0 500.0 600.0 700.0 800.0 900.0 1000.0,	2 6 7 4 2 2 1 5 4 2 6,	197 134 172 165 121 125 120 153 142 106 112,	upstream;downstream gene1824_yeaE;gene1823_yeaD,gene1825_mipA
MG1655,	1888195,	G->A,	0.0 100.0 200.0 300.0 400.0 500.0 600.0 700.0 800.0 900.0 1000.0,	1 1 1 0 1 4 1 0 0 1 3,	115 83 94 87 82 74 72 65 75 79 70,	nonsynonymous SNV gene1850_fadD:gene1850_fadD:exon1:c.C1552T:p.R518C, MG1655
MG1655,	1894339,	G->A,	0.0 100.0 200.0 300.0 400.0 500.0 600.0 700.0 800.0 900.0 1000.0,	7 2 4 3 7 4 3 2 4 1 3,	146 99 125 140 111 104 105 85 100 119 92,	stopgain gene1855_yoaC:gene1855_yoaC:exon1:c.G207A:p.W69X, MG1655
MG1655,	1894341,	C->A,	0.0 100.0 200.0 300.0 400.0 500.0 600.0 700.0 800.0 900.0 1000.0,	7 4 3 5 5 8 5 3 6 3 7,	150 111 141 147 123 113 110 95 113 124 110,	nonsynonymous SNV gene1855_yoaC:gene1855_yoaC:exon1:c.C209A:p.A70E, MG1655
MG1655,	1907018,	C->T,	0.0 100.0 200.0 300.0 400.0 500.0 600.0 700.0 800.0 900.0 1000.0,	1 1 1 2 1 1 7 0 0 1 0,	190 148 172 152 152 149 128 123 142 126 99,	nonsynonymous SNV gene1867_rlmA:gene1867_rlmA:exon1:c.G43A:p.E15K, MG1655
MG1655,	1932066,	C->A,	0.0 100.0 200.0 300.0 400.0 500.0 600.0 700.0 800.0 900.0 1000.0,	3 0 3 2 6 0 0 3 0 3 3,	117 101 108 102 105 95 89 87 90 80 98,	downstream gene1897_purT,gene1898_eda,gene1899_edd
MG1655,	1977207,	C->A,	0.0 100.0 200.0 300.0 400.0 500.0 600.0 700.0 800.0 900.0 1000.0,	3 1 4 6 1 2 0 0 1 2 2,	222 120 183 119 159 151 133 140 157 160 128,	upstream;downstream gene1938_motB,gene1939_motA;gene1940_flhC,gene1941_flhD
MG1655,	1981643,	G->T,	0.0 100.0 200.0 300.0 400.0 500.0 600.0 700.0 800.0 900.0 1000.0,	2 5 6 3 7 6 3 2 6 0 3,	162 131 150 135 154 126 123 123 112 117 123,	nonsynonymous SNV gene1946_otsB:gene1946_otsB:exon1:c.C745A:p.Q249K, MG1655
MG1655,	1981646,	G->T,	0.0 100.0 200.0 300.0 400.0 500.0 600.0 700.0 800.0 900.0 1000.0,	3 2 5 3 5 5 2 1 4 1 9,	165 126 156 130 147 126 122 130 118 121 129,	nonsynonymous SNV gene1946_otsB:gene1946_otsB:exon1:c.C742A:p.Q248K, MG1655
MG1655,	1995643,	C->A,	0.0 100.0 200.0 300.0 400.0 500.0 600.0 700.0 800.0 900.0 1000.0,	0 6 5 5 5 6 4 5 3 5 2,	173 185 163 148 134 116 137 154 152 126 124,	upstream;downstream gene1962_uvrC,gene1963_uvrY,gene1964_yecF;gene1965_sdiA
MG1655,	1999618,	G->T,	0.0 100.0 200.0 300.0 400.0 500.0 600.0 700.0 800.0 900.0 1000.0,	3 0 1 1 0 5 0 2 0 3 0,	150 89 131 102 92 89 76 105 93 81 82,	synonymous SNV gene1969_fliY:gene1969_fliY:exon1:c.C768A:p.S256S, MG1655
MG1655,	1999619,	G->T,	0.0 100.0 200.0 300.0 400.0 500.0 600.0 700.0 800.0 900.0 1000.0,	5 0 2 0 2 5 0 1 0 2 2,	150 91 129 100 91 89 73 102 92 78 82,	nonsynonymous SNV gene1969_fliY:gene1969_fliY:exon1:c.C767A:p.S256Y, MG1655
MG1655,	1999647,	G->T,	0.0 100.0 200.0 300.0 400.0 500.0 600.0 700.0 800.0 900.0 1000.0,	0 1 0 1 2 5 0 1 2 1 1,	156 100 135 110 90 96 80 107 111 75 93,	nonsynonymous SNV gene1969_fliY:gene1969_fliY:exon1:c.C739A:p.Q247K, MG1655
MG1655,	2023100,	G->T,	0.0 100.0 200.0 300.0 400.0 500.0 600.0 700.0 800.0 900.0 1000.0,	6 4 5 2 6 2 1 6 1 3 6,	152 129 122 143 136 113 88 129 112 110 110,	nonsynonymous SNV gene1997_fliR:gene1997_fliR:exon1:c.G208T:p.A70S, MG1655
MG1655,	2033995,	G->T,	0.0 100.0 200.0 300.0 400.0 500.0 600.0 700.0 800.0 900.0 1000.0,	4 6 5 3 6 14 7 7 10 8 4,	146 199 165 151 120 139 126 121 142 96 110,	upstream;downstream gene2009_yedJ,gene2010_yedR,gene2012_yedS;gene2011_rseX
MG1655,	2033996,	G->T,	0.0 100.0 200.0 300.0 400.0 500.0 600.0 700.0 800.0 900.0 1000.0,	2 2 3 3 7 13 6 3 5 4 2,	140 203 161 146 111 137 113 117 134 87 103,	upstream;downstream gene2009_yedJ,gene2010_yedR,gene2012_yedS;gene2011_rseX
MG1655,	2080743,	C->A,	0.0 100.0 200.0 300.0 400.0 500.0 600.0 700.0 800.0 900.0 1000.0,	1 5 2 2 2 0 0 1 0 2 2,	175 97 128 106 148 103 110 113 126 102 114,	upstream;downstream gene2058_yeeA;gene2059_sbmC,gene2060_dacD
MG1655,	2083779,	C->A,	0.0 100.0 200.0 300.0 400.0 500.0 600.0 700.0 800.0 900.0 1000.0,	1 0 3 0 0 2 1 1 0 1 4,	143 99 115 101 109 113 92 93 91 96 80,	nonsynonymous SNV gene2061_sbcB:gene2061_sbcB:exon1:c.C1024A:p.Q342K, MG1655
MG1655,	2128336,	G->T,	0.0 100.0 200.0 300.0 400.0 500.0 600.0 700.0 800.0 900.0 1000.0,	5 0 5 1 2 8 4 2 1 2 2,	167 119 146 123 115 128 129 121 117 90 123,	upstream;downstream gene2105_gmd;gene2106_wcaF,gene2107_wcaE
MG1655,	2128337,	A->T,	0.0 100.0 200.0 300.0 400.0 500.0 600.0 700.0 800.0 900.0 1000.0,	2 0 4 1 1 7 1 0 0 1 1,	159 120 141 126 108 127 122 120 113 91 123,	upstream;downstream gene2105_gmd;gene2106_wcaF,gene2107_wcaE
MG1655,	2128338,	A->T,	0.0 100.0 200.0 300.0 400.0 500.0 600.0 700.0 800.0 900.0 1000.0,	5 0 6 1 1 7 1 0 0 2 2,	160 121 144 123 109 128 122 117 117 90 120,	upstream;downstream gene2105_gmd;gene2106_wcaF,gene2107_wcaE
MG1655,	2168532,	G->T,	0.0 100.0 200.0 300.0 400.0 500.0 600.0 700.0 800.0 900.0 1000.0,	11 15 13 17 8 7 12 7 5 5 11,	281 285 282 258 212 266 266 205 188 215 219,	upstream gene2140_yegZ,gene2141_yegR,gene2142_yegS
MG1655,	2173360,	indel;A-2,	0.0 100.0 200.0 300.0 400.0 500.0 600.0 700.0 800.0 900.0 1000.0,	107 75 96 67 93 90 58 69 80 102 61,	113 79 104 67 98 92 63 78 85 106 67,	frameshift deletion gene2147_gatC:gene2147_gatC:exon2:c.917delT:p.V306fs, MG1655
MG1655,	2180704,	C->A,	0.0 100.0 200.0 300.0 400.0 500.0 600.0 700.0 800.0 900.0 1000.0,	1 0 0 1 0 4 6 0 0 2 0,	108 78 95 79 95 90 91 78 91 92 94,	nonsynonymous SNV gene2154_yegU:gene2154_yegU:exon1:c.C610A:p.Q204K, MG1655
MG1655,	2180707,	C->A,	0.0 100.0 200.0 300.0 400.0 500.0 600.0 700.0 800.0 900.0 1000.0,	2 0 0 2 0 1 5 1 0 2 0,	108 76 96 78 93 87 92 82 88 88 92,	nonsynonymous SNV gene2154_yegU:gene2154_yegU:exon1:c.C613A:p.Q205K, MG1655
MG1655,	2197467,	C->A,	0.0 100.0 200.0 300.0 400.0 500.0 600.0 700.0 800.0 900.0 1000.0,	7 3 5 3 7 6 6 1 3 5 3,	212 143 154 136 178 143 119 129 155 128 135,	unknown UNKNOWN MG1655
MG1655,	2201727,	C->A,	0.0 100.0 200.0 300.0 400.0 500.0 600.0 700.0 800.0 900.0 1000.0,	6 1 3 5 4 4 0 8 2 5 5,	200 151 186 158 161 135 128 149 170 148 134,	synonymous SNV gene2171_yehI:gene2171_yehI:exon1:c.C1449A:p.R483R, MG1655
MG1655,	2231119,	T->C,	0.0 100.0 200.0 300.0 400.0 500.0 600.0 700.0 800.0 900.0 1000.0,	167 156 182 157 158 174 128 150 155 156 146,	167 156 182 157 159 174 128 151 155 156 147,	nonsynonymous SNV gene2197_yohK:gene2197_yohK:exon1:c.T101C:p.L34S, MG1655
MG1655,	2273481,	C->A,	0.0 100.0 200.0 300.0 400.0 500.0 600.0 700.0 800.0 900.0 1000.0,	2 2 1 0 3 1 1 1 5 1 0,	152 75 139 150 148 104 127 102 99 131 113,	nonsynonymous SNV gene2233_yejA:gene2233_yejA:exon1:c.C1118A:p.A373E, MG1655
MG1655,	2303898,	C->A,	0.0 100.0 200.0 300.0 400.0 500.0 600.0 700.0 800.0 900.0 1000.0,	4 1 4 6 3 5 3 2 2 1 0,	154 130 143 109 159 134 113 108 116 118 107,	upstream gene2262_napD,gene2263_napF,gene2264_eco
MG1655,	2304649,	C->T,	0.0 100.0 200.0 300.0 400.0 500.0 600.0 700.0 800.0 900.0 1000.0,	5 0 0 1 1 2 2 1 3 2 1,	33 9 21 23 19 32 26 24 23 37 15,	downstream gene2264_eco,gene2265_mqo
MG1655,	2304875,	C->T,	0.0 100.0 200.0 300.0 400.0 500.0 600.0 700.0 800.0 900.0 1000.0,	0 0 0 0 0 3 0 0 0 2 0,	21 15 15 16 11 17 13 13 16 18 14,	downstream gene2264_eco,gene2265_mqo
MG1655,	2355315,	G->T,	0.0 100.0 200.0 300.0 400.0 500.0 600.0 700.0 800.0 900.0 1000.0,	4 5 3 2 1 5 1 3 3 1 5,	106 80 122 96 106 96 76 108 106 106 101,	nonsynonymous SNV gene2297_glpB:gene2297_glpB:exon1:c.G1051T:p.A351S, MG1655
MG1655,	2355317,	G->T,	0.0 100.0 200.0 300.0 400.0 500.0 600.0 700.0 800.0 900.0 1000.0,	2 4 1 1 2 2 0 2 2 0 2,	102 80 120 93 108 91 73 110 105 104 100,	synonymous SNV gene2297_glpB:gene2297_glpB:exon1:c.G1053T:p.A351A, MG1655
MG1655,	2361535,	A->T,	0.0 100.0 200.0 300.0 400.0 500.0 600.0 700.0 800.0 900.0 1000.0,	2 1 3 9 5 8 9 1 3 2 5,	147 91 133 108 143 111 104 107 102 122 105,	nonsynonymous SNV gene2304_rhmR:gene2304_rhmR:exon1:c.T677A:p.I226N, MG1655
MG1655,	2361539,	G->T,	0.0 100.0 200.0 300.0 400.0 500.0 600.0 700.0 800.0 900.0 1000.0,	3 0 1 3 2 7 4 0 3 0 3,	145 99 130 91 136 115 94 105 101 114 100,	nonsynonymous SNV gene2304_rhmR:gene2304_rhmR:exon1:c.C673A:p.Q225K, MG1655
MG1655,	2361544,	C->G,	0.0 100.0 200.0 300.0 400.0 500.0 600.0 700.0 800.0 900.0 1000.0,	1 0 0 5 3 4 6 1 2 0 3,	133 93 126 96 136 112 98 99 103 105 98,	nonsynonymous SNV gene2304_rhmR:gene2304_rhmR:exon1:c.G668C:p.R223P, MG1655
MG1655,	2361546,	G->T,	0.0 100.0 200.0 300.0 400.0 500.0 600.0 700.0 800.0 900.0 1000.0,	5 1 4 5 2 6 4 1 1 0 2,	139 96 126 96 135 113 94 101 106 105 93,	synonymous SNV gene2304_rhmR:gene2304_rhmR:exon1:c.C666A:p.T222T, MG1655
MG1655,	2361548,	T->C,	0.0 100.0 200.0 300.0 400.0 500.0 600.0 700.0 800.0 900.0 1000.0,	2 0 2 4 7 6 7 1 2 1 6,	136 101 128 101 136 112 103 98 104 105 97,	nonsynonymous SNV gene2304_rhmR:gene2304_rhmR:exon1:c.A664G:p.T222A, MG1655
MG1655,	2361549,	A->G,	0.0 100.0 200.0 300.0 400.0 500.0 600.0 700.0 800.0 900.0 1000.0,	2 0 3 3 5 7 4 0 2 1 5,	147 107 132 103 138 122 106 98 110 106 100,	synonymous SNV gene2304_rhmR:gene2304_rhmR:exon1:c.T663C:p.G221G, MG1655
MG1655,	2361550,	C->G,	0.0 100.0 200.0 300.0 400.0 500.0 600.0 700.0 800.0 900.0 1000.0,	4 0 2 5 3 6 8 0 3 3 5,	150 105 129 106 135 122 107 99 114 111 107,	nonsynonymous SNV gene2304_rhmR:gene2304_rhmR:exon1:c.G662C:p.G221A, MG1655
MG1655,	2364348,	C->A,	0.0 100.0 200.0 300.0 400.0 500.0 600.0 700.0 800.0 900.0 1000.0,	4 4 5 7 3 3 5 3 4 5 3,	139 140 103 130 129 110 120 107 112 102 144,	upstream;downstream gene2305_yfaY,gene2306_yfaZ,gene2307_nudI;gene2308_ais
MG1655,	2364352,	G->A,	0.0 100.0 200.0 300.0 400.0 500.0 600.0 700.0 800.0 900.0 1000.0,	6 1 3 3 1 3 4 2 2 5 2,	137 141 106 128 126 110 122 104 110 99 134,	upstream;downstream gene2305_yfaY,gene2306_yfaZ,gene2307_nudI;gene2308_ais
MG1655,	2364355,	C->A,	0.0 100.0 200.0 300.0 400.0 500.0 600.0 700.0 800.0 900.0 1000.0,	6 2 5 4 2 3 6 2 3 3 2,	128 127 96 121 118 104 112 101 102 93 131,	upstream;downstream gene2305_yfaY,gene2306_yfaZ,gene2307_nudI;gene2308_ais
MG1655,	2364356,	G->A,	0.0 100.0 200.0 300.0 400.0 500.0 600.0 700.0 800.0 900.0 1000.0,	3 1 6 3 3 3 3 5 4 5 3,	125 137 110 132 128 115 114 105 106 103 140,	upstream;downstream gene2305_yfaY,gene2306_yfaZ,gene2307_nudI;gene2308_ais
MG1655,	2394814,	T->C,	0.0 100.0 200.0 300.0 400.0 500.0 600.0 700.0 800.0 900.0 1000.0,	0 1 3 1 2 2 3 5 0 1 1,	137 95 141 97 115 112 112 96 111 97 112,	nonsynonymous SNV gene2335_nuoL:gene2335_nuoL:exon1:c.A233G:p.N78S, MG1655
MG1655,	2408883,	G->T,	0.0 100.0 200.0 300.0 400.0 500.0 600.0 700.0 800.0 900.0 1000.0,	5 7 4 10 7 6 6 11 7 8 12,	160 116 147 127 164 156 126 121 114 104 130,	nonsynonymous SNV gene2348_yfbR:gene2348_yfbR:exon1:c.G22T:p.A8S, MG1655
MG1655,	2408884,	C->T,	0.0 100.0 200.0 300.0 400.0 500.0 600.0 700.0 800.0 900.0 1000.0,	0 5 4 6 0 2 6 4 1 6 7,	157 117 150 133 154 163 131 119 111 104 135,	nonsynonymous SNV gene2348_yfbR:gene2348_yfbR:exon1:c.C23T:p.A8V, MG1655
MG1655,	2408885,	C->T,	0.0 100.0 200.0 300.0 400.0 500.0 600.0 700.0 800.0 900.0 1000.0,	2 3 5 5 2 3 2 6 3 4 6,	159 115 144 121 156 156 126 114 112 99 130,	synonymous SNV gene2348_yfbR:gene2348_yfbR:exon1:c.C24T:p.A8A, MG1655
MG1655,	2408886,	C->T,	0.0 100.0 200.0 300.0 400.0 500.0 600.0 700.0 800.0 900.0 1000.0,	1 1 3 9 2 3 3 8 3 7 9,	163 113 146 128 150 158 126 121 113 102 134,	nonsynonymous SNV gene2348_yfbR:gene2348_yfbR:exon1:c.C25T:p.H9Y, MG1655
MG1655,	2408887,	A->T,	0.0 100.0 200.0 300.0 400.0 500.0 600.0 700.0 800.0 900.0 1000.0,	1 4 2 6 1 3 4 5 3 7 6,	166 120 143 130 152 161 125 121 118 106 131,	nonsynonymous SNV gene2348_yfbR:gene2348_yfbR:exon1:c.A26T:p.H9L, MG1655
MG1655,	2408889,	C->T,	0.0 100.0 200.0 300.0 400.0 500.0 600.0 700.0 800.0 900.0 1000.0,	2 4 4 7 2 2 2 4 3 5 6,	161 119 152 136 158 161 125 118 124 105 135,	nonsynonymous SNV gene2348_yfbR:gene2348_yfbR:exon1:c.C28T:p.L10F, MG1655
MG1655,	2454298,	G->T,	0.0 100.0 200.0 300.0 400.0 500.0 600.0 700.0 800.0 900.0 1000.0,	2 7 0 1 3 2 3 1 2 2 0,	138 135 135 132 159 123 129 134 135 113 112,	unknown UNKNOWN MG1655
MG1655,	2462880,	indel;T-1;T-2;T+C,	0.0 100.0 200.0 300.0 400.0 500.0 600.0 700.0 800.0 900.0 1000.0,	6 12 12 10 7 13 8 7 13 7 13,	212 168 220 240 200 218 183 209 202 176 202,	upstream;downstream gene2401_yfdF;gene2400_fadL
MG1655,	2469734,	G->T,	0.0 100.0 200.0 300.0 400.0 500.0 600.0 700.0 800.0 900.0 1000.0,	3 7 10 1 9 4 4 1 2 1 6,	148 224 212 175 179 164 160 154 141 105 191,	nonsynonymous SNV gene2408_gtrS:gene2408_gtrS:exon1:c.G604T:p.D202Y, MG1655
MG1655,	2473884,	T->G,	0.0 100.0 200.0 300.0 400.0 500.0 600.0 700.0 800.0 900.0 1000.0,	3 2 3 8 0 0 3 0 0 1 1,	206 151 148 132 130 138 160 109 134 121 117,	nonsynonymous SNV gene2415_yfdP:gene2415_yfdP:exon1:c.T281G:p.L94R, MG1655
MG1655,	2509096,	G->T,	0.0 100.0 200.0 300.0 400.0 500.0 600.0 700.0 800.0 900.0 1000.0,	1 1 1 1 0 2 5 0 1 0 3,	132 98 103 115 120 106 100 87 81 71 94,	nonsynonymous SNV gene2448_glk:gene2448_glk:exon1:c.C331A:p.L111M, MG1655
MG1655,	2510887,	C->A,	0.0 100.0 200.0 300.0 400.0 500.0 600.0 700.0 800.0 900.0 1000.0,	3 3 2 4 7 1 3 0 2 8 2,	174 153 143 135 155 153 142 142 138 142 131,	upstream;downstream gene2450_ypeC;gene2449_yfeO,gene2451_mntH
MG1655,	2571477,	G->T,	0.0 100.0 200.0 300.0 400.0 500.0 600.0 700.0 800.0 900.0 1000.0,	0 1 3 1 1 2 2 0 1 3 1,	86 43 66 65 81 64 71 66 48 60 53,	nonsynonymous SNV gene2515_eutE:gene2515_eutE:exon1:c.C275A:p.A92E, MG1655
MG1655,	2571485,	A->T,	0.0 100.0 200.0 300.0 400.0 500.0 600.0 700.0 800.0 900.0 1000.0,	0 1 2 1 0 0 0 0 1 5 1,	101 51 68 66 92 71 68 73 62 70 51,	nonsynonymous SNV gene2515_eutE:gene2515_eutE:exon1:c.T267A:p.D89E, MG1655
MG1655,	2576012,	G->T,	0.0 100.0 200.0 300.0 400.0 500.0 600.0 700.0 800.0 900.0 1000.0,	1 6 1 2 3 3 7 3 2 3 5,	126 189 201 131 141 140 134 162 123 112 146,	upstream;downstream gene2521_eutP,gene2522_eutS;gene2523_maeB
MG1655,	2582739,	C->A,	0.0 100.0 200.0 300.0 400.0 500.0 600.0 700.0 800.0 900.0 1000.0,	1 1 6 0 2 2 3 0 4 6 1,	99 83 107 78 119 78 102 82 92 85 96,	nonsynonymous SNV gene2526_ypfG:gene2526_ypfG:exon1:c.G39T:p.L13F, MG1655
MG1655,	2582744,	C->A,	0.0 100.0 200.0 300.0 400.0 500.0 600.0 700.0 800.0 900.0 1000.0,	1 0 4 0 1 1 3 0 5 6 1,	89 71 99 77 120 72 84 81 88 81 88,	nonsynonymous SNV gene2526_ypfG:gene2526_ypfG:exon1:c.G34T:p.A12S, MG1655
MG1655,	2604204,	G->T,	0.0 100.0 200.0 300.0 400.0 500.0 600.0 700.0 800.0 900.0 1000.0,	2 9 2 1 1 2 1 2 3 3 2,	158 143 148 129 150 140 138 146 134 130 147,	nonsynonymous SNV gene2545_hyfC:gene2545_hyfC:exon1:c.G358T:p.A120S, MG1655
MG1655,	2634152,	G->T,	0.0 100.0 200.0 300.0 400.0 500.0 600.0 700.0 800.0 900.0 1000.0,	11 11 10 8 8 11 4 11 7 9 7,	199 154 193 187 201 182 188 167 175 170 173,	upstream gene2570_guaB,gene2571_xseA
MG1655,	2647008,	A->T,	0.0 100.0 200.0 300.0 400.0 500.0 600.0 700.0 800.0 900.0 1000.0,	2 2 3 3 5 4 3 6 5 2 2,	129 74 119 93 111 96 106 113 104 90 106,	nonsynonymous SNV gene2581_pbpC:gene2581_pbpC:exon1:c.T318A:p.D106E, MG1655
MG1655,	2647023,	indel;G-1,	0.0 100.0 200.0 300.0 400.0 500.0 600.0 700.0 800.0 900.0 1000.0,	1 3 2 7 3 4 3 3 3 0 2,	142 104 129 115 137 121 130 136 118 116 135,	frameshift deletion gene2581_pbpC:gene2581_pbpC:exon1:c.303delC:p.R101fs, MG1655
MG1655,	2683013,	C->A,	0.0 100.0 200.0 300.0 400.0 500.0 600.0 700.0 800.0 900.0 1000.0,	1 5 1 1 2 3 2 0 0 1 2,	142 99 130 115 165 121 135 121 109 127 103,	nonsynonymous SNV gene2614_yphH:gene2614_yphH:exon1:c.C151A:p.L51M, MG1655
MG1655,	2683022,	G->A,	0.0 100.0 200.0 300.0 400.0 500.0 600.0 700.0 800.0 900.0 1000.0,	1 5 2 1 2 3 2 2 0 2 1,	137 93 118 107 153 111 124 117 105 114 95,	nonsynonymous SNV gene2614_yphH:gene2614_yphH:exon1:c.G160A:p.E54K, MG1655
MG1655,	2730930,	T->C,	0.0 100.0 200.0 300.0 400.0 500.0 600.0 700.0 800.0 900.0 1000.0,	145 113 127 135 165 102 140 135 125 128 129,	145 113 127 136 166 102 141 135 125 129 130,	ncRNA_exonic gene2658_rrsG
MG1655,	2747974,	G->T,	0.0 100.0 200.0 300.0 400.0 500.0 600.0 700.0 800.0 900.0 1000.0,	2 0 2 4 5 7 3 4 3 4 6,	175 146 152 143 153 125 135 146 151 138 144,	nonsynonymous SNV gene2678_ypjD:gene2678_ypjD:exon1:c.G13T:p.A5S, MG1655
MG1655,	2747979,	G->T,	0.0 100.0 200.0 300.0 400.0 500.0 600.0 700.0 800.0 900.0 1000.0,	3 0 3 5 1 7 3 3 4 4 5,	171 133 144 146 142 111 121 140 143 126 135,	synonymous SNV gene2678_ypjD:gene2678_ypjD:exon1:c.G18T:p.L6L, MG1655
MG1655,	2751942,	G->C,	0.0 100.0 200.0 300.0 400.0 500.0 600.0 700.0 800.0 900.0 1000.0,	3 4 1 2 3 3 5 4 5 5 1,	85 81 73 89 103 70 94 75 96 65 75,	nonsynonymous SNV gene2682_recN:gene2682_recN:exon1:c.G148C:p.A50P, MG1655
MG1655,	2751943,	C->G,	0.0 100.0 200.0 300.0 400.0 500.0 600.0 700.0 800.0 900.0 1000.0,	5 2 4 0 4 4 3 4 4 4 1,	84 80 77 86 102 69 93 73 93 65 77,	nonsynonymous SNV gene2682_recN:gene2682_recN:exon1:c.C149G:p.A50G, MG1655
MG1655,	2751945,	G->A,	0.0 100.0 200.0 300.0 400.0 500.0 600.0 700.0 800.0 900.0 1000.0,	6 1 1 0 2 5 2 3 4 3 1,	91 83 77 86 102 73 94 78 95 67 79,	nonsynonymous SNV gene2682_recN:gene2682_recN:exon1:c.G151A:p.E51K, MG1655
MG1655,	2751947,	A->C,	0.0 100.0 200.0 300.0 400.0 500.0 600.0 700.0 800.0 900.0 1000.0,	1 2 2 1 2 6 2 4 2 1 1,	83 84 75 82 102 72 96 75 92 64 81,	nonsynonymous SNV gene2682_recN:gene2682_recN:exon1:c.A153C:p.E51D, MG1655
MG1655,	2751948,	G->A,	0.0 100.0 200.0 300.0 400.0 500.0 600.0 700.0 800.0 900.0 1000.0,	5 2 3 1 4 2 2 4 3 3 1,	89 87 79 86 106 72 97 78 93 70 81,	nonsynonymous SNV gene2682_recN:gene2682_recN:exon1:c.G154A:p.A52T, MG1655
MG1655,	2751949,	C->T,	0.0 100.0 200.0 300.0 400.0 500.0 600.0 700.0 800.0 900.0 1000.0,	1 2 2 3 3 4 3 3 2 2 0,	86 88 81 87 104 72 99 78 88 68 77,	nonsynonymous SNV gene2682_recN:gene2682_recN:exon1:c.C155T:p.A52V, MG1655
MG1655,	2751950,	C->T,	0.0 100.0 200.0 300.0 400.0 500.0 600.0 700.0 800.0 900.0 1000.0,	1 1 3 2 3 4 1 3 3 5 1,	85 84 81 86 101 68 97 77 91 70 75,	synonymous SNV gene2682_recN:gene2682_recN:exon1:c.C156T:p.A52A, MG1655
MG1655,	2751951,	G->A,	0.0 100.0 200.0 300.0 400.0 500.0 600.0 700.0 800.0 900.0 1000.0,	5 1 3 1 1 2 1 4 1 3 1,	88 84 80 88 100 71 94 76 91 73 74,	nonsynonymous SNV gene2682_recN:gene2682_recN:exon1:c.G157A:p.D53N, MG1655
MG1655,	2751956,	G->A,	0.0 100.0 200.0 300.0 400.0 500.0 600.0 700.0 800.0 900.0 1000.0,	5 2 1 1 2 4 2 2 3 4 0,	91 86 87 95 108 76 94 80 97 78 78,	nonsynonymous SNV gene2682_recN:gene2682_recN:exon1:c.G162A:p.M54I, MG1655
MG1655,	2751958,	T->A,	0.0 100.0 200.0 300.0 400.0 500.0 600.0 700.0 800.0 900.0 1000.0,	3 1 3 1 2 0 0 2 1 4 0,	94 89 88 95 110 77 95 81 99 79 81,	nonsynonymous SNV gene2682_recN:gene2682_recN:exon1:c.T164A:p.V55E, MG1655
MG1655,	2782008,	G->T,	0.0 100.0 200.0 300.0 400.0 500.0 600.0 700.0 800.0 900.0 1000.0,	4 2 4 11 6 3 4 9 5 2 4,	260 205 233 208 207 207 204 229 196 172 234,	nonsynonymous SNV gene2714_ypjA:gene2714_ypjA:exon1:c.C719A:p.A240E, MG1655
MG1655,	2801056,	A->T,	0.0 100.0 200.0 300.0 400.0 500.0 600.0 700.0 800.0 900.0 1000.0,	8 7 11 3 6 4 6 8 13 4 8,	156 139 161 139 144 127 134 150 135 123 149,	nonsynonymous SNV gene2734_nrdI:gene2734_nrdI:exon1:c.A92T:p.N31I, MG1655
MG1655,	2841835,	C->A,	0.0 100.0 200.0 300.0 400.0 500.0 600.0 700.0 800.0 900.0 1000.0,	3 2 0 1 3 5 1 5 2 2 5,	107 61 79 79 123 91 104 83 76 87 96,	nonsynonymous SNV gene2776_ascB:gene2776_ascB:exon1:c.C846A:p.F282L, MG1655
MG1655,	2841836,	C->A,	0.0 100.0 200.0 300.0 400.0 500.0 600.0 700.0 800.0 900.0 1000.0,	2 2 1 2 1 5 1 5 3 2 3,	104 56 79 81 117 87 98 83 67 85 87,	nonsynonymous SNV gene2776_ascB:gene2776_ascB:exon1:c.C847A:p.R283S, MG1655
MG1655,	2841838,	C->A,	0.0 100.0 200.0 300.0 400.0 500.0 600.0 700.0 800.0 900.0 1000.0,	4 2 1 2 3 6 3 4 2 2 5,	105 55 75 76 117 89 98 83 69 82 90,	synonymous SNV gene2776_ascB:gene2776_ascB:exon1:c.C849A:p.R283R, MG1655
MG1655,	2885357,	G->T,	0.0 100.0 200.0 300.0 400.0 500.0 600.0 700.0 800.0 900.0 1000.0,	1 1 4 4 0 1 3 0 2 1 10,	188 154 180 176 204 145 186 189 174 148 135,	synonymous SNV gene2821_ygcB:gene2821_ygcB:exon1:c.C1863A:p.G621G, MG1655
MG1655,	2900297,	C->A,	0.0 100.0 200.0 300.0 400.0 500.0 600.0 700.0 800.0 900.0 1000.0,	1 3 1 1 3 9 4 2 3 2 5,	124 76 99 68 117 112 124 96 94 93 93,	upstream gene2833_ygcU,gene2834_ygcW,gene2835_yqcE
MG1655,	2900297,	indel;C+A;C-1,	0.0 100.0 200.0 300.0 400.0 500.0 600.0 700.0 800.0 900.0 1000.0,	2 2 5 2 4 7 2 1 2 3 6,	124 76 98 67 116 111 122 92 92 91 93,	upstream gene2833_ygcU,gene2834_ygcW,gene2835_yqcE
MG1655,	2900568,	G->T,	0.0 100.0 200.0 300.0 400.0 500.0 600.0 700.0 800.0 900.0 1000.0,	3 6 5 4 4 5 2 3 5 1 5,	157 112 143 130 136 125 124 138 125 127 124,	upstream gene2834_ygcW,gene2835_yqcE
MG1655,	2947714,	G->T,	0.0 100.0 200.0 300.0 400.0 500.0 600.0 700.0 800.0 900.0 1000.0,	5 2 3 2 1 2 3 4 5 2 3,	109 85 81 76 92 85 88 93 80 82 79,	upstream;downstream gene2876_mltA;gene2877_metZ,gene2878_metW,gene2879_metV,gene2880_amiC
MG1655,	2947718,	C->T,	0.0 100.0 200.0 300.0 400.0 500.0 600.0 700.0 800.0 900.0 1000.0,	5 1 0 1 1 2 1 4 5 1 1,	107 91 84 83 92 81 88 90 80 79 83,	upstream;downstream gene2876_mltA;gene2877_metZ,gene2878_metW,gene2879_metV,gene2880_amiC
MG1655,	2947720,	G->T,	0.0 100.0 200.0 300.0 400.0 500.0 600.0 700.0 800.0 900.0 1000.0,	7 2 2 3 1 2 1 3 5 3 2,	106 86 81 77 85 79 84 83 76 77 78,	upstream;downstream gene2876_mltA;gene2877_metZ,gene2878_metW,gene2879_metV,gene2880_amiC
MG1655,	2947721,	G->T,	0.0 100.0 200.0 300.0 400.0 500.0 600.0 700.0 800.0 900.0 1000.0,	3 3 2 0 1 1 0 4 4 1 1,	111 90 85 73 88 81 86 88 77 76 74,	upstream;downstream gene2876_mltA;gene2877_metZ,gene2878_metW,gene2879_metV,gene2880_amiC
MG1655,	2965929,	C->A,	0.0 100.0 200.0 300.0 400.0 500.0 600.0 700.0 800.0 900.0 1000.0,	1 1 4 1 0 3 1 6 4 1 1,	127 97 126 97 139 120 116 106 103 105 108,	nonsynonymous SNV gene2891_lgt:gene2891_lgt:exon1:c.G109T:p.A37S, MG1655
MG1655,	2968695,	G->T,	0.0 100.0 200.0 300.0 400.0 500.0 600.0 700.0 800.0 900.0 1000.0,	3 1 6 2 3 3 3 2 4 2 0,	112 91 112 105 126 105 94 118 113 93 90,	nonsynonymous SNV gene2893_rppH:gene2893_rppH:exon1:c.C283A:p.Q95K, MG1655
MG1655,	2972407,	C->A,	0.0 100.0 200.0 300.0 400.0 500.0 600.0 700.0 800.0 900.0 1000.0,	2 1 2 1 1 1 1 6 1 0 2,	170 98 124 108 169 119 118 120 134 128 121,	nonsynonymous SNV gene2897_tas:gene2897_tas:exon1:c.C811A:p.Q271K, MG1655
MG1655,	2976303,	indel;C+A;C-1,	0.0 100.0 200.0 300.0 400.0 500.0 600.0 700.0 800.0 900.0 1000.0,	1 0 3 2 1 0 2 2 3 8 1,	202 137 184 187 179 158 167 141 193 137 162,	upstream;downstream gene2899_aas,gene2900_omrA,gene2902_galR;gene2901_omrB
MG1655,	2976481,	G->T,	0.0 100.0 200.0 300.0 400.0 500.0 600.0 700.0 800.0 900.0 1000.0,	4 0 1 6 1 2 4 1 1 2 4,	145 95 99 95 122 133 113 118 133 127 116,	upstream gene2899_aas,gene2900_omrA,gene2901_omrB,gene2902_galR
MG1655,	3026701,	G->A,	0.0 100.0 200.0 300.0 400.0 500.0 600.0 700.0 800.0 900.0 1000.0,	0 1 0 1 1 5 0 1 0 2 2,	99 72 73 95 110 82 96 96 80 86 95,	synonymous SNV gene2946_guaD:gene2946_guaD:exon1:c.G936A:p.L312L, MG1655
MG1655,	3054868,	A->T,	0.0 100.0 200.0 300.0 400.0 500.0 600.0 700.0 800.0 900.0 1000.0,	8 4 4 3 5 5 4 3 3 6 2,	160 123 143 137 175 135 150 160 137 118 150,	stoploss gene2972_ygfB:gene2972_ygfB:exon1:c.T577A:p.X193K, MG1655
MG1655,	3086519,	T->A,	0.0 100.0 200.0 300.0 400.0 500.0 600.0 700.0 800.0 900.0 1000.0,	0 2 3 1 7 2 4 3 3 4 4,	125 101 118 108 136 127 143 139 113 139 102,	upstream;downstream gene3002_speA,gene3003_yqgB,gene3005_metK;gene3004_yqgC
MG1655,	3086521,	C->A,	0.0 100.0 200.0 300.0 400.0 500.0 600.0 700.0 800.0 900.0 1000.0,	1 2 9 3 14 3 7 4 8 3 6,	124 102 120 107 147 131 150 138 116 133 107,	upstream;downstream gene3002_speA,gene3003_yqgB,gene3005_metK;gene3004_yqgC
MG1655,	3114007,	C->A,	0.0 100.0 200.0 300.0 400.0 500.0 600.0 700.0 800.0 900.0 1000.0,	2 0 6 1 2 0 0 2 2 2 1,	133 64 111 112 143 108 97 114 151 99 117,	nonsynonymous SNV gene3035_pppA:gene3035_pppA:exon1:c.G346T:p.A116S, MG1655
MG1655,	3154198,	indel;T-1;T+A,	0.0 100.0 200.0 300.0 400.0 500.0 600.0 700.0 800.0 900.0 1000.0,	8 1 2 0 1 5 1 5 5 7 4,	147 108 116 117 151 129 151 128 149 126 141,	frameshift substitution gene3069_yghB:gene3069_yghB:exon1:c.636_636delinsTA, MG1655
MG1655,	3214632,	A->T,	0.0 100.0 200.0 300.0 400.0 500.0 600.0 700.0 800.0 900.0 1000.0,	2 0 5 1 0 1 0 2 2 1 2,	126 46 85 77 84 56 90 109 95 82 95,	nonsynonymous SNV gene3129_rpoD:gene3129_rpoD:exon1:c.A1586T:p.E529V, MG1655
MG1655,	3214641,	T->A,	0.0 100.0 200.0 300.0 400.0 500.0 600.0 700.0 800.0 900.0 1000.0,	3 0 4 0 0 2 0 2 1 0 1,	116 46 78 67 76 52 79 102 84 87 93,	nonsynonymous SNV gene3129_rpoD:gene3129_rpoD:exon1:c.T1595A:p.L532Q, MG1655
MG1655,	3214648,	T->G,	0.0 100.0 200.0 300.0 400.0 500.0 600.0 700.0 800.0 900.0 1000.0,	5 0 5 2 2 3 2 1 2 2 5,	119 53 80 70 82 55 82 95 76 84 88,	synonymous SNV gene3129_rpoD:gene3129_rpoD:exon1:c.T1602G:p.S534S, MG1655
MG1655,	3214660,	A->G,	0.0 100.0 200.0 300.0 400.0 500.0 600.0 700.0 800.0 900.0 1000.0,	6 3 10 3 8 9 6 5 8 3 11,	135 68 93 77 83 72 91 101 92 94 108,	synonymous SNV gene3129_rpoD:gene3129_rpoD:exon1:c.A1614G:p.E538E, MG1655
MG1655,	3267309,	C->A,	0.0 100.0 200.0 300.0 400.0 500.0 600.0 700.0 800.0 900.0 1000.0,	3 3 1 0 5 3 3 9 2 2 3,	180 163 185 148 190 179 171 178 138 147 158,	upstream gene3178_tdcA,gene3179_tdcR,gene3180_yhaB
MG1655,	3277211,	G->T,	0.0 100.0 200.0 300.0 400.0 500.0 600.0 700.0 800.0 900.0 1000.0,	7 6 7 6 10 9 3 2 3 3 3,	190 160 164 141 200 159 168 157 151 148 173,	nonsynonymous SNV gene3188_prlF:gene3188_prlF:exon1:c.G210T:p.L70F, MG1655
MG1655,	3313133,	G->T,	0.0 100.0 200.0 300.0 400.0 500.0 600.0 700.0 800.0 900.0 1000.0,	1 5 1 4 4 0 2 2 4 1 3,	127 91 108 121 125 123 134 108 125 131 116,	nonsynonymous SNV gene3228_rbfA:gene3228_rbfA:exon1:c.C46A:p.Q16K, MG1655
MG1655,	3321117,	G->T,	0.0 100.0 200.0 300.0 400.0 500.0 600.0 700.0 800.0 900.0 1000.0,	6 16 4 10 7 15 8 8 10 7 11,	213 267 223 235 263 233 249 212 227 200 220,	nonsynonymous SNV gene3234_yhbX:gene3234_yhbX:exon1:c.C497A:p.A166E, MG1655
MG1655,	3368173,	C->T,	0.0 100.0 200.0 300.0 400.0 500.0 600.0 700.0 800.0 900.0 1000.0,	3 6 5 2 4 2 3 2 1 3 1,	109 74 98 91 123 115 104 113 114 95 87,	nonsynonymous SNV gene3282_yhcG:gene3282_yhcG:exon1:c.C347T:p.P116L, MG1655
MG1655,	3375513,	G->A,	0.0 100.0 200.0 300.0 400.0 500.0 600.0 700.0 800.0 900.0 1000.0,	0 2 0 1 1 1 1 0 0 0 4,	112 95 82 79 111 93 80 72 113 85 75,	synonymous SNV gene3289_dcuD:gene3289_dcuD:exon1:c.G645A:p.V215V, MG1655
MG1655,	3378853,	G->T,	0.0 100.0 200.0 300.0 400.0 500.0 600.0 700.0 800.0 900.0 1000.0,	1 8 7 6 12 6 6 12 5 5 7,	159 117 147 152 198 148 148 157 131 141 149,	upstream;downstream gene3292_rpsI,gene3293_rplM;gene3294_zapE
MG1655,	3378855,	G->T,	0.0 100.0 200.0 300.0 400.0 500.0 600.0 700.0 800.0 900.0 1000.0,	0 7 3 9 8 4 5 6 3 6 7,	147 112 124 140 170 130 133 136 116 129 139,	upstream;downstream gene3292_rpsI,gene3293_rplM;gene3294_zapE
MG1655,	3378860,	G->T,	0.0 100.0 200.0 300.0 400.0 500.0 600.0 700.0 800.0 900.0 1000.0,	0 6 5 7 8 5 6 10 3 4 5,	148 108 120 142 166 136 139 136 117 125 130,	upstream;downstream gene3292_rpsI,gene3293_rplM;gene3294_zapE
MG1655,	3378862,	G->T,	0.0 100.0 200.0 300.0 400.0 500.0 600.0 700.0 800.0 900.0 1000.0,	1 6 3 6 4 4 6 6 2 4 3,	148 107 120 139 161 133 135 131 115 123 134,	upstream;downstream gene3292_rpsI,gene3293_rplM;gene3294_zapE
MG1655,	3436947,	C->A,	0.0 100.0 200.0 300.0 400.0 500.0 600.0 700.0 800.0 900.0 1000.0,	0 0 0 37 37 25 7 0 0 0 1,	230 162 189 169 228 224 211 216 212 181 207,	nonsynonymous SNV gene3351_trkA:gene3351_trkA:exon1:c.C430A:p.Q144K, MG1655
MG1655,	3465678,	C->A,	0.0 100.0 200.0 300.0 400.0 500.0 600.0 700.0 800.0 900.0 1000.0,	3 6 2 6 7 6 4 4 2 3 11,	193 128 123 136 163 141 148 146 124 126 146,	frameshift deletion gene3397_gspO:gene3397_gspO:exon1:c.136delC:p.Q46fs, MG1655
MG1655,	3465678,	indel;C+A;C-1,	0.0 100.0 200.0 300.0 400.0 500.0 600.0 700.0 800.0 900.0 1000.0,	6 1 1 0 3 1 7 2 3 2 8,	193 128 120 136 162 138 147 146 124 125 145,	frameshift deletion gene3397_gspO:gene3397_gspO:exon1:c.136delC:p.Q46fs, MG1655
MG1655,	3470373,	G->A,	0.0 100.0 200.0 300.0 400.0 500.0 600.0 700.0 800.0 900.0 1000.0,	197 168 159 146 207 182 193 164 155 147 169,	197 168 159 146 207 183 193 165 157 147 169,	synonymous SNV gene3401_tufA:gene3401_tufA:exon1:c.C957T:p.R319R, MG1655
MG1655,	3470640,	G->A,	0.0 100.0 200.0 300.0 400.0 500.0 600.0 700.0 800.0 900.0 1000.0,	238 192 215 198 271 205 226 216 236 196 221,	238 192 215 198 271 206 227 217 236 197 221,	synonymous SNV gene3401_tufA:gene3401_tufA:exon1:c.C690T:p.G230G, MG1655
MG1655,	3470664,	T->A,	0.0 100.0 200.0 300.0 400.0 500.0 600.0 700.0 800.0 900.0 1000.0,	246 197 224 229 306 225 245 234 251 212 245,	247 197 229 229 306 225 245 236 251 213 245,	synonymous SNV gene3401_tufA:gene3401_tufA:exon1:c.A666T:p.S222S, MG1655
MG1655,	3471020,	G->A,	0.0 100.0 200.0 300.0 400.0 500.0 600.0 700.0 800.0 900.0 1000.0,	231 190 220 222 275 213 203 249 265 171 223,	232 190 221 224 277 213 205 249 266 172 223,	synonymous SNV gene3401_tufA:gene3401_tufA:exon1:c.C310T:p.L104L, MG1655
MG1655,	3471129,	G->A,	0.0 100.0 200.0 300.0 400.0 500.0 600.0 700.0 800.0 900.0 1000.0,	188 147 175 174 221 197 171 169 187 140 164,	188 147 178 174 221 201 171 169 187 140 166,	synonymous SNV gene3401_tufA:gene3401_tufA:exon1:c.C201T:p.H67H, MG1655
MG1655,	3476436,	G->A,	0.0 100.0 200.0 300.0 400.0 500.0 600.0 700.0 800.0 900.0 1000.0,	2 1 2 3 2 4 9 0 1 2 2,	144 119 117 110 176 162 130 143 146 132 150,	nonsynonymous SNV gene3408_yheO:gene3408_yheO:exon1:c.C5T:p.S2F, MG1655
MG1655,	3476438,	C->A,	0.0 100.0 200.0 300.0 400.0 500.0 600.0 700.0 800.0 900.0 1000.0,	2 3 3 7 5 6 6 4 1 4 2,	136 118 105 113 169 163 120 151 150 128 145,	nonsynonymous SNV gene3408_yheO:gene3408_yheO:exon1:c.G3T:p.M1I, MG1655
MG1655,	3528919,	T->C,	0.0 100.0 200.0 300.0 400.0 500.0 600.0 700.0 800.0 900.0 1000.0,	2 1 2 3 4 1 2 4 9 1 7,	194 157 184 174 222 185 185 221 176 134 197,	nonsynonymous SNV gene3461_yrfG:gene3461_yrfG:exon1:c.T251C:p.M84T, MG1655
MG1655,	3531629,	G->T,	0.0 100.0 200.0 300.0 400.0 500.0 600.0 700.0 800.0 900.0 1000.0,	3 1 8 1 3 1 1 2 0 2 3,	149 124 150 129 141 139 138 127 143 121 141,	nonsynonymous SNV gene3464_yhgE:gene3464_yhgE:exon1:c.C811A:p.P271T, MG1655
MG1655,	3537361,	G->T,	0.0 100.0 200.0 300.0 400.0 500.0 600.0 700.0 800.0 900.0 1000.0,	1 6 0 2 6 2 1 2 2 1 1,	100 105 103 116 142 103 139 127 110 129 115,	upstream;downstream gene3467_ompR,gene3469_yhgF;gene3468_greB
MG1655,	3537366,	G->T,	0.0 100.0 200.0 300.0 400.0 500.0 600.0 700.0 800.0 900.0 1000.0,	0 5 0 1 2 0 0 2 0 0 1,	96 96 99 101 139 97 136 126 98 117 116,	upstream;downstream gene3467_ompR,gene3469_yhgF;gene3468_greB
MG1655,	3540345,	C->A,	0.0 100.0 200.0 300.0 400.0 500.0 600.0 700.0 800.0 900.0 1000.0,	6 6 7 5 4 5 3 8 1 9 5,	221 206 200 185 220 197 170 181 193 175 204,	synonymous SNV gene3470_feoA:gene3470_feoA:exon1:c.C183A:p.R61R, MG1655
MG1655,	3546000,	A->T,	0.0 100.0 200.0 300.0 400.0 500.0 600.0 700.0 800.0 900.0 1000.0,	3 4 4 3 6 5 9 5 10 1 11,	146 116 109 120 155 147 161 152 122 112 131,	nonsynonymous SNV gene3476_nfuA:gene3476_nfuA:exon1:c.A377T:p.H126L, MG1655
MG1655,	3546009,	indel;G+C,	0.0 100.0 200.0 300.0 400.0 500.0 600.0 700.0 800.0 900.0 1000.0,	2 4 6 3 6 4 9 4 9 0 5,	168 136 151 152 185 164 179 172 146 128 165,	frameshift substitution gene3476_nfuA:gene3476_nfuA:exon1:c.386_386delinsGC, MG1655
MG1655,	3546012,	T->G,	0.0 100.0 200.0 300.0 400.0 500.0 600.0 700.0 800.0 900.0 1000.0,	3 2 5 8 7 8 3 10 2 6 9,	140 109 120 118 154 144 156 148 119 110 133,	nonsynonymous SNV gene3476_nfuA:gene3476_nfuA:exon1:c.T389G:p.V130G, MG1655
MG1655,	3546015,	indel;C-1,	0.0 100.0 200.0 300.0 400.0 500.0 600.0 700.0 800.0 900.0 1000.0,	2 1 2 2 2 1 5 1 7 0 3,	158 116 125 126 160 148 161 149 129 119 141,	frameshift deletion gene3476_nfuA:gene3476_nfuA:exon1:c.392delC:p.S131fs, MG1655
MG1655,	3546021,	T->A,	0.0 100.0 200.0 300.0 400.0 500.0 600.0 700.0 800.0 900.0 1000.0,	4 3 9 4 4 2 3 7 6 0 5,	149 115 125 121 150 134 158 152 125 99 137,	nonsynonymous SNV gene3476_nfuA:gene3476_nfuA:exon1:c.T398A:p.M133K, MG1655
MG1655,	3546023,	G->A,	0.0 100.0 200.0 300.0 400.0 500.0 600.0 700.0 800.0 900.0 1000.0,	1 2 9 5 5 6 4 5 3 2 3,	161 117 122 133 160 145 157 156 131 111 136,	nonsynonymous SNV gene3476_nfuA:gene3476_nfuA:exon1:c.G400A:p.E134K, MG1655
MG1655,	3546027,	T->A,	0.0 100.0 200.0 300.0 400.0 500.0 600.0 700.0 800.0 900.0 1000.0,	2 4 8 5 8 1 3 6 4 0 5,	158 119 120 131 153 141 150 150 133 109 135,	nonsynonymous SNV gene3476_nfuA:gene3476_nfuA:exon1:c.T404A:p.I135N, MG1655
MG1655,	3553039,	C->A,	0.0 100.0 200.0 300.0 400.0 500.0 600.0 700.0 800.0 900.0 1000.0,	4 5 4 8 3 11 8 5 4 4 6,	162 128 199 165 195 200 203 202 192 140 186,	upstream gene3479_malP,gene3480_malT
MG1655,	3560455,	indel;C+T;C+G;C+A,	0.0 100.0 200.0 300.0 400.0 500.0 600.0 700.0 800.0 900.0 1000.0,	112 73 81 64 136 112 101 99 93 95 89,	112 73 81 64 136 112 101 99 94 95 89,	splicing gene3484_glpR(gene3484_glpR:exon1:c.150+1G>AG,gene3484_glpR:exon2:c.151-2G>AG)
MG1655,	3602705,	T->G,	0.0 100.0 200.0 300.0 400.0 500.0 600.0 700.0 800.0 900.0 1000.0,	0 0 5 3 2 0 3 1 0 1 5,	116 87 94 97 141 111 95 118 100 117 123,	synonymous SNV gene3524_ftsE:gene3524_ftsE:exon1:c.A43C:p.R15R, MG1655
MG1655,	3608682,	T->C,	0.0 100.0 200.0 300.0 400.0 500.0 600.0 700.0 800.0 900.0 1000.0,	1 2 3 0 2 1 2 2 1 7 1,	131 81 109 92 138 97 108 141 111 101 121,	upstream;downstream gene3532_yhhQ;gene3530_zntA,gene3531_tusA
MG1655,	3608696,	T->G,	0.0 100.0 200.0 300.0 400.0 500.0 600.0 700.0 800.0 900.0 1000.0,	3 7 5 2 5 5 4 4 7 4 5,	140 98 115 106 149 115 111 153 114 105 147,	upstream;downstream gene3532_yhhQ;gene3530_zntA,gene3531_tusA
MG1655,	3653577,	C->A,	0.0 100.0 200.0 300.0 400.0 500.0 600.0 700.0 800.0 900.0 1000.0,	1 6 4 6 3 6 3 9 5 1 14,	235 204 202 201 231 254 217 253 222 200 232,	nonsynonymous SNV gene3568_yhiS:gene3568_yhiS:exon2:c.C1088A:p.P363Q, MG1655
MG1655,	3668174,	G->T,	0.0 100.0 200.0 300.0 400.0 500.0 600.0 700.0 800.0 900.0 1000.0,	2 3 3 6 4 4 2 4 2 3 6,	145 107 118 116 145 146 148 136 131 109 139,	nonsynonymous SNV gene3584_yhjA:gene3584_yhjA:exon1:c.C1015A:p.Q339K, MG1655
MG1655,	3668179,	G->T,	0.0 100.0 200.0 300.0 400.0 500.0 600.0 700.0 800.0 900.0 1000.0,	1 4 4 4 3 5 2 3 4 1 8,	159 123 128 117 155 162 155 149 155 127 145,	nonsynonymous SNV gene3584_yhjA:gene3584_yhjA:exon1:c.C1010A:p.A337E, MG1655
MG1655,	3679325,	C->A,	0.0 100.0 200.0 300.0 400.0 500.0 600.0 700.0 800.0 900.0 1000.0,	4 4 4 5 3 2 7 7 2 3 1,	168 115 138 168 185 171 137 154 144 110 109,	upstream gene3590_yhjG,gene3591_yhjH,gene3592_kdgK
MG1655,	3696971,	G->T,	0.0 100.0 200.0 300.0 400.0 500.0 600.0 700.0 800.0 900.0 1000.0,	0 1 4 2 3 2 3 9 0 2 5,	133 105 128 108 167 119 145 177 159 113 135,	nonsynonymous SNV gene3602_bcsE:gene3602_bcsE:exon1:c.G514T:p.A172S, MG1655
MG1655,	3708165,	C->A,	0.0 100.0 200.0 300.0 400.0 500.0 600.0 700.0 800.0 900.0 1000.0,	1 6 2 4 9 4 5 5 2 1 1,	148 88 110 103 176 142 124 137 136 112 147,	upstream;downstream gene3612_dppA;gene3613_proK,gene3614_eptB
MG1655,	3769662,	G->A,	0.0 100.0 200.0 300.0 400.0 500.0 600.0 700.0 800.0 900.0 1000.0,	1 5 3 1 3 3 4 10 3 2 6,	93 201 176 166 175 192 235 190 156 110 175,	synonymous SNV gene3673_yibV:gene3673_yibV:exon1:c.G318A:p.K106K, MG1655
MG1655,	3781133,	C->G,	0.0 100.0 200.0 300.0 400.0 500.0 600.0 700.0 800.0 900.0 1000.0,	7 5 4 8 7 5 5 8 10 4 6,	162 132 172 146 165 164 159 158 195 142 188,	upstream;downstream gene3685_trmL;gene3684_lldD,gene3686_cysE
MG1655,	3781140,	A->G,	0.0 100.0 200.0 300.0 400.0 500.0 600.0 700.0 800.0 900.0 1000.0,	13 6 10 11 13 8 18 13 14 12 9,	128 91 122 115 128 129 134 124 137 114 143,	upstream;downstream gene3685_trmL;gene3684_lldD,gene3686_cysE
MG1655,	3781145,	C->G,	0.0 100.0 200.0 300.0 400.0 500.0 600.0 700.0 800.0 900.0 1000.0,	8 9 6 13 15 4 12 14 9 6 11,	122 101 137 127 141 135 132 141 153 117 159,	upstream;downstream gene3685_trmL;gene3684_lldD,gene3686_cysE
MG1655,	3781150,	T->G,	0.0 100.0 200.0 300.0 400.0 500.0 600.0 700.0 800.0 900.0 1000.0,	5 4 7 7 7 6 8 9 5 3 6,	106 80 104 110 106 109 102 121 124 97 129,	upstream;downstream gene3685_trmL;gene3684_lldD,gene3686_cysE
MG1655,	3781152,	A->G,	0.0 100.0 200.0 300.0 400.0 500.0 600.0 700.0 800.0 900.0 1000.0,	10 3 10 11 12 12 13 14 14 9 15,	118 73 112 106 110 119 108 127 133 101 143,	upstream;downstream gene3685_trmL;gene3684_lldD,gene3686_cysE
MG1655,	3797329,	C->A,	0.0 100.0 200.0 300.0 400.0 500.0 600.0 700.0 800.0 900.0 1000.0,	6 6 17 8 6 8 10 7 8 3 14,	183 289 269 214 219 257 273 262 261 141 291,	nonsynonymous SNV gene3701_waaL:gene3701_waaL:exon1:c.C382A:p.L128I, MG1655
MG1655,	3797335,	T->A,	0.0 100.0 200.0 300.0 400.0 500.0 600.0 700.0 800.0 900.0 1000.0,	4 4 14 6 9 5 6 7 4 4 10,	186 302 266 207 234 259 270 268 257 138 291,	nonsynonymous SNV gene3701_waaL:gene3701_waaL:exon1:c.T388A:p.S130T, MG1655
MG1655,	3797336,	C->A,	0.0 100.0 200.0 300.0 400.0 500.0 600.0 700.0 800.0 900.0 1000.0,	8 13 19 9 14 10 12 13 10 7 21,	191 305 271 212 237 259 283 276 268 148 298,	stopgain gene3701_waaL:gene3701_waaL:exon1:c.C389A:p.S130X, MG1655
MG1655,	3815800,	indel;C+A;C-1,	0.0 100.0 200.0 300.0 400.0 500.0 600.0 700.0 800.0 900.0 1000.0,	2 0 0 1 2 0 4 2 2 4 5,	106 72 95 88 132 113 97 109 123 103 96,	upstream;downstream gene3721_pyrE,gene3723_yicC;gene3720_slmA,gene3722_rph
MG1655,	3838520,	G->T,	0.0 100.0 200.0 300.0 400.0 500.0 600.0 700.0 800.0 900.0 1000.0,	9 2 0 1 4 5 1 0 1 3 5,	131 125 122 140 178 146 163 175 170 134 155,	nonsynonymous SNV gene3740_yicL:gene3740_yicL:exon1:c.G273T:p.L91F, MG1655
MG1655,	3917393,	A->T,	0.0 100.0 200.0 300.0 400.0 500.0 600.0 700.0 800.0 900.0 1000.0,	1 3 1 1 2 2 1 7 1 0 0,	127 110 123 97 121 108 140 136 133 116 139,	upstream;downstream gene3815_atpD;gene3816_atpG,gene3817_atpA
MG1655,	3917396,	A->T,	0.0 100.0 200.0 300.0 400.0 500.0 600.0 700.0 800.0 900.0 1000.0,	5 7 6 7 7 8 4 14 4 6 6,	122 104 124 92 123 112 133 133 125 120 142,	upstream;downstream gene3815_atpD;gene3816_atpG,gene3817_atpA
MG1655,	3917397,	C->T,	0.0 100.0 200.0 300.0 400.0 500.0 600.0 700.0 800.0 900.0 1000.0,	3 3 1 0 0 4 2 7 3 1 0,	132 110 129 91 126 112 138 134 132 122 147,	upstream;downstream gene3815_atpD;gene3816_atpG,gene3817_atpA
MG1655,	3917400,	G->T,	0.0 100.0 200.0 300.0 400.0 500.0 600.0 700.0 800.0 900.0 1000.0,	4 0 3 2 1 4 2 7 1 0 0,	138 110 136 95 131 121 141 134 133 132 149,	upstream;downstream gene3815_atpD;gene3816_atpG,gene3817_atpA
MG1655,	3917405,	A->T,	0.0 100.0 200.0 300.0 400.0 500.0 600.0 700.0 800.0 900.0 1000.0,	2 3 5 4 5 7 3 7 1 4 2,	122 111 128 87 129 112 138 129 124 124 146,	synonymous SNV gene3816_atpG:gene3816_atpG:exon1:c.T861A:p.V287V, MG1655
MG1655,	3917406,	A->G,	0.0 100.0 200.0 300.0 400.0 500.0 600.0 700.0 800.0 900.0 1000.0,	4 7 4 4 11 8 5 8 1 7 6,	119 102 120 88 128 111 130 126 115 119 130,	nonsynonymous SNV gene3816_atpG:gene3816_atpG:exon1:c.T860C:p.V287A, MG1655
MG1655,	3917408,	C->T,	0.0 100.0 200.0 300.0 400.0 500.0 600.0 700.0 800.0 900.0 1000.0,	1 1 3 5 1 3 6 5 1 1 0,	118 98 122 88 123 106 128 128 119 115 136,	synonymous SNV gene3816_atpG:gene3816_atpG:exon1:c.G858A:p.A286A, MG1655
MG1655,	3921893,	A->T,	0.0 100.0 200.0 300.0 400.0 500.0 600.0 700.0 800.0 900.0 1000.0,	1 3 2 10 11 4 1 4 4 1 3,	135 102 124 109 137 123 120 118 112 105 160,	synonymous SNV gene3821_atpB:gene3821_atpB:exon1:c.T159A:p.G53G, MG1655
MG1655,	3973225,	C->T,	0.0 100.0 200.0 300.0 400.0 500.0 600.0 700.0 800.0 900.0 1000.0,	8 5 3 5 3 2 6 7 5 3 4,	148 136 139 129 164 145 185 164 151 141 169,	nonsynonymous SNV gene3868_rffG:gene3868_rffG:exon1:c.C704T:p.A235V, MG1655
MG1655,	3973227,	C->T,	0.0 100.0 200.0 300.0 400.0 500.0 600.0 700.0 800.0 900.0 1000.0,	1 7 4 4 3 3 6 4 7 0 1,	138 140 140 136 172 156 187 163 158 133 168,	synonymous SNV gene3868_rffG:gene3868_rffG:exon1:c.C706T:p.L236L, MG1655
MG1655,	3973235,	C->T,	0.0 100.0 200.0 300.0 400.0 500.0 600.0 700.0 800.0 900.0 1000.0,	2 7 1 5 1 3 3 5 4 2 2,	144 138 141 144 169 150 190 170 178 141 157,	synonymous SNV gene3868_rffG:gene3868_rffG:exon1:c.C714T:p.C238C, MG1655
MG1655,	3973237,	T->C,	0.0 100.0 200.0 300.0 400.0 500.0 600.0 700.0 800.0 900.0 1000.0,	3 13 9 9 1 7 9 6 7 4 7,	147 147 155 140 161 153 185 162 187 144 152,	nonsynonymous SNV gene3868_rffG:gene3868_rffG:exon1:c.T716C:p.V239A, MG1655
MG1655,	3973249,	G->A,	0.0 100.0 200.0 300.0 400.0 500.0 600.0 700.0 800.0 900.0 1000.0,	1 10 6 9 4 5 7 7 6 3 4,	131 132 153 140 164 146 166 155 184 134 139,	nonsynonymous SNV gene3868_rffG:gene3868_rffG:exon1:c.G728A:p.G243E, MG1655
MG1655,	3988987,	G->T,	0.0 100.0 200.0 300.0 400.0 500.0 600.0 700.0 800.0 900.0 1000.0,	1 6 4 7 1 4 3 3 2 1 2,	139 123 161 128 194 147 159 138 147 123 150,	nonsynonymous SNV gene3885_hemX:gene3885_hemX:exon1:c.C80A:p.T27K, MG1655
MG1655,	4001296,	G->T,	0.0 100.0 200.0 300.0 400.0 500.0 600.0 700.0 800.0 900.0 1000.0,	3 8 1 6 4 4 1 3 6 1 3,	198 158 166 177 223 159 206 200 157 140 172,	upstream gene3896_yigE,gene3897_corA
MG1655,	4020787,	C->T,	0.0 100.0 200.0 300.0 400.0 500.0 600.0 700.0 800.0 900.0 1000.0,	0 1 0 0 0 1 5 0 0 2 0,	101 86 84 82 120 109 98 96 92 94 95,	nonsynonymous SNV gene3917_ubiB:gene3917_ubiB:exon1:c.C562T:p.R188C, MG1655
MG1655,	4033572,	T->C,	0.0 100.0 200.0 300.0 400.0 500.0 600.0 700.0 800.0 900.0 1000.0,	0 0 1 27 90 63 24 45 13 3 14,	149 90 132 124 189 147 146 141 134 126 159,	nonsynonymous SNV gene3929_trkH:gene3929_trkH:exon1:c.T428C:p.I143T, MG1655
MG1655,	4040661,	G->A,	0.0 100.0 200.0 300.0 400.0 500.0 600.0 700.0 800.0 900.0 1000.0,	0 3 7 0 1 6 0 0 0 1 2,	133 86 132 108 153 121 115 150 149 116 109,	downstream gene3934_rrlA,gene3935_rrfA,gene3936_mobB,gene3937_mobA
MG1655,	4075548,	C->A,	0.0 100.0 200.0 300.0 400.0 500.0 600.0 700.0 800.0 900.0 1000.0,	3 7 3 7 5 6 7 7 2 2 8,	179 140 165 152 206 151 180 144 164 131 162,	upstream;downstream gene3967_yihX,gene3968_yihY;gene3965_yihV,gene3966_yihW
MG1655,	4087221,	T->A,	0.0 100.0 200.0 300.0 400.0 500.0 600.0 700.0 800.0 900.0 1000.0,	4 4 3 3 7 2 7 8 2 8 1,	186 121 136 130 166 148 161 185 131 116 132,	nonsynonymous SNV gene3978_yiiG:gene3978_yiiG:exon1:c.T220A:p.F74I, MG1655
MG1655,	4087222,	T->A,	0.0 100.0 200.0 300.0 400.0 500.0 600.0 700.0 800.0 900.0 1000.0,	5 5 3 4 5 8 7 6 4 5 2,	186 122 136 125 167 154 155 184 134 108 138,	nonsynonymous SNV gene3978_yiiG:gene3978_yiiG:exon1:c.T221A:p.F74Y, MG1655
MG1655,	4087223,	C->A,	0.0 100.0 200.0 300.0 400.0 500.0 600.0 700.0 800.0 900.0 1000.0,	8 9 6 4 11 7 8 11 2 9 6,	179 126 137 131 168 149 157 186 128 114 138,	nonsynonymous SNV gene3978_yiiG:gene3978_yiiG:exon1:c.C222A:p.F74L, MG1655
MG1655,	4087224,	G->A,	0.0 100.0 200.0 300.0 400.0 500.0 600.0 700.0 800.0 900.0 1000.0,	5 7 2 4 6 3 7 7 1 8 2,	187 126 141 133 172 149 161 185 131 118 140,	nonsynonymous SNV gene3978_yiiG:gene3978_yiiG:exon1:c.G223A:p.D75N, MG1655
MG1655,	4087226,	C->A,	0.0 100.0 200.0 300.0 400.0 500.0 600.0 700.0 800.0 900.0 1000.0,	5 9 8 3 11 6 10 11 4 9 4,	186 130 146 132 178 153 165 190 139 120 139,	nonsynonymous SNV gene3978_yiiG:gene3978_yiiG:exon1:c.C225A:p.D75E, MG1655
MG1655,	4087227,	G->A,	0.0 100.0 200.0 300.0 400.0 500.0 600.0 700.0 800.0 900.0 1000.0,	9 8 6 4 10 4 8 10 4 10 4,	194 129 146 137 182 152 162 194 140 124 146,	nonsynonymous SNV gene3978_yiiG:gene3978_yiiG:exon1:c.G226A:p.E76K, MG1655
MG1655,	4123711,	indel;A-1,	0.0 100.0 200.0 300.0 400.0 500.0 600.0 700.0 800.0 900.0 1000.0,	0 0 0 0 0 0 0 2 11 1 0,	164 106 151 138 191 159 156 165 163 134 130,	frameshift deletion gene4015_cytR:gene4015_cytR:exon1:c.746delT:p.V249fs, MG1655
MG1655,	4124336,	G->T,	0.0 100.0 200.0 300.0 400.0 500.0 600.0 700.0 800.0 900.0 1000.0,	0 0 0 0 1 0 2 5 20 2 0,	189 124 155 129 188 169 193 146 167 164 151,	nonsynonymous SNV gene4015_cytR:gene4015_cytR:exon1:c.C121A:p.R41S, MG1655
MG1655,	4171830,	T->C,	0.0 100.0 200.0 300.0 400.0 500.0 600.0 700.0 800.0 900.0 1000.0,	1 1 5 1 1 2 2 4 3 0 2,	69 54 59 64 62 63 79 82 79 51 68,	upstream;downstream gene4053_murB;gene4051_rrlB,gene4052_rrfB
MG1655,	4208500,	C->A,	0.0 100.0 200.0 300.0 400.0 500.0 600.0 700.0 800.0 900.0 1000.0,	0 0 0 0 0 25 64 34 32 8 0,	74 65 61 67 81 77 85 81 86 73 69,	ncRNA_exonic gene4089_rrsE
MG1655,	4294875,	C->T,	0.0 100.0 200.0 300.0 400.0 500.0 600.0 700.0 800.0 900.0 1000.0,	91 58 75 62 101 76 82 64 67 63 76,	267 187 224 194 266 239 259 215 239 228 235,	downstream gene4162_gltP,gene4163_yjcO
MG1655,	4295195,	indel;A+AG;A+CT;A+CG;A+CC;A+TG,	0.0 100.0 200.0 300.0 400.0 500.0 600.0 700.0 800.0 900.0 1000.0,	68 40 63 46 78 56 68 45 59 43 50,	68 40 64 47 78 57 68 46 59 43 50,	downstream gene4162_gltP,gene4163_yjcO,gene4164_fdhF
MG1655,	4308791,	G->T,	0.0 100.0 200.0 300.0 400.0 500.0 600.0 700.0 800.0 900.0 1000.0,	1 5 2 1 3 3 2 0 0 1 3,	114 87 112 84 149 108 144 112 118 100 101,	synonymous SNV gene4173_alsA:gene4173_alsA:exon1:c.C1005A:p.A335A, MG1655
MG1655,	4358937,	C->A,	0.0 100.0 200.0 300.0 400.0 500.0 600.0 700.0 800.0 900.0 1000.0,	5 8 3 5 3 5 6 3 6 1 3,	209 158 169 165 205 189 215 216 210 137 185,	upstream;downstream gene4219_cadB;gene4220_cadC
MG1655,	4390342,	C->T,	0.0 100.0 200.0 300.0 400.0 500.0 600.0 700.0 800.0 900.0 1000.0,	0 0 1 0 0 0 11 59 19 6 31,	252 209 250 207 285 250 225 240 207 213 274,	upstream gene4251_rsgA,gene4252_orn,gene4253_glyV,gene4254_glyX
MG1655,	400001,	T->A,	0.0 100.0 200.0 300.0 400.0 500.0 600.0 700.0 800.0 900.0 1000.0,	6 4 3 5 3 3 8 11 2 6 6,	179 166 149 173 181 183 153 195 164 162 148,	nonsynonymous SNV gene387_ddlA:gene387_ddlA:exon1:c.A923T:p.E308V, MG1655
MG1655,	410122,	T->A,	0.0 100.0 200.0 300.0 400.0 500.0 600.0 700.0 800.0 900.0 1000.0,	2 1 1 1 7 2 0 0 0 1 1,	149 115 123 132 133 116 145 123 118 124 162,	upstream gene399_rdgC,gene400_mak
MG1655,	414832,	G->T,	0.0 100.0 200.0 300.0 400.0 500.0 600.0 700.0 800.0 900.0 1000.0,	3 2 5 4 4 5 3 2 5 3 3,	126 80 106 120 120 98 103 104 104 128 102,	nonsynonymous SNV gene402_sbcC:gene402_sbcC:exon1:c.C922A:p.H308N, MG1655
MG1655,	458028,	C->G,	0.0 100.0 200.0 300.0 400.0 500.0 600.0 700.0 800.0 900.0 1000.0,	0 0 0 0 0 0 0 0 28 120 131,	194 149 182 161 190 148 187 157 177 140 162,	nonsynonymous SNV gene443_clpX:gene443_clpX:exon1:c.C603G:p.D201E, MG1655
MG1655,	468272,	G->T,	0.0 100.0 200.0 300.0 400.0 500.0 600.0 700.0 800.0 900.0 1000.0,	3 4 6 6 8 1 6 5 8 4 5,	225 136 151 141 158 151 143 144 136 119 131,	upstream;downstream gene450_ybaE,gene452_ybaO,gene453_mdlA;gene451_cof
MG1655,	468274,	G->T,	0.0 100.0 200.0 300.0 400.0 500.0 600.0 700.0 800.0 900.0 1000.0,	1 3 3 6 2 0 6 4 3 6 3,	224 134 144 135 153 148 135 140 133 119 127,	upstream;downstream gene450_ybaE,gene452_ybaO,gene453_mdlA;gene451_cof
MG1655,	494343,	G->A,	0.0 100.0 200.0 300.0 400.0 500.0 600.0 700.0 800.0 900.0 1000.0,	1 0 0 0 0 0 1 2 1 6 0,	162 137 127 110 146 128 123 136 136 120 112,	nonsynonymous SNV gene476_ybaB:gene476_ybaB:exon1:c.G268A:p.E90K, MG1655
MG1655,	523206,	indel;A-1;A+T,	0.0 100.0 200.0 300.0 400.0 500.0 600.0 700.0 800.0 900.0 1000.0,	5 4 12 4 8 13 6 10 5 8 10,	132 215 171 186 216 195 221 209 187 166 197,	upstream;downstream gene503_rhsD;gene502_ybbP
MG1655,	529059,	G->T,	0.0 100.0 200.0 300.0 400.0 500.0 600.0 700.0 800.0 900.0 1000.0,	4 5 4 3 5 4 1 5 0 3 10,	202 190 233 173 198 199 171 190 182 149 178,	unknown UNKNOWN MG1655
MG1655,	539070,	C->A,	0.0 100.0 200.0 300.0 400.0 500.0 600.0 700.0 800.0 900.0 1000.0,	10 3 3 1 10 1 1 4 4 3 4,	172 174 171 153 179 175 179 179 142 145 146,	nonsynonymous SNV gene516_ybbW:gene516_ybbW:exon1:c.C1438A:p.Q480K, MG1655
MG1655,	600481,	C->A,	0.0 100.0 200.0 300.0 400.0 500.0 600.0 700.0 800.0 900.0 1000.0,	2 3 1 6 3 0 2 2 1 0 1,	115 60 78 89 90 86 79 84 79 47 79,	nonsynonymous SNV gene587_cusA:gene587_cusA:exon1:c.C1768A:p.Q590K, MG1655
MG1655,	616116,	T->G,	0.0 100.0 200.0 300.0 400.0 500.0 600.0 700.0 800.0 900.0 1000.0,	0 0 2 1 0 3 1 0 0 0 3,	89 49 65 54 78 77 58 62 64 61 60,	nonsynonymous SNV gene601_entF:gene601_entF:exon1:c.T1960G:p.F654V, MG1655
MG1655,	638889,	C->A,	0.0 100.0 200.0 300.0 400.0 500.0 600.0 700.0 800.0 900.0 1000.0,	9 2 3 2 1 3 4 4 1 3 2,	178 138 186 149 156 156 157 152 137 133 128,	upstream gene620_dsbG,gene621_ahpC,gene622_ahpF
MG1655,	638897,	C->A,	0.0 100.0 200.0 300.0 400.0 500.0 600.0 700.0 800.0 900.0 1000.0,	9 2 3 2 4 6 6 6 3 4 3,	179 146 192 155 163 153 154 153 136 130 124,	upstream gene620_dsbG,gene621_ahpC,gene622_ahpF
MG1655,	696541,	T->G,	0.0 100.0 200.0 300.0 400.0 500.0 600.0 700.0 800.0 900.0 1000.0,	0 1 0 1 0 2 0 1 0 4 1,	95 65 120 100 129 107 106 105 85 73 77,	upstream;downstream gene677_glnX;gene676_ubiF,gene678_glnV,gene679_metU,gene680_glnW,gene681_glnU,gene682_leuW,gene683_metT,gene684_asnB
MG1655,	696910,	A->T,	0.0 100.0 200.0 300.0 400.0 500.0 600.0 700.0 800.0 900.0 1000.0,	0 0 1 0 3 1 1 4 1 0 1,	112 98 129 96 113 99 98 80 109 98 96,	ncRNA_exonic gene681_glnU
MG1655,	705963,	indel;C+T;C-2;C-1,	0.0 100.0 200.0 300.0 400.0 500.0 600.0 700.0 800.0 900.0 1000.0,	1 1 4 4 4 4 1 3 5 1 7,	173 118 147 138 135 145 137 130 136 111 131,	upstream;downstream gene690_glnS;gene689_nagE
MG1655,	781269,	C->T,	0.0 100.0 200.0 300.0 400.0 500.0 600.0 700.0 800.0 900.0 1000.0,	1 1 4 7 4 2 4 3 4 1 3,	183 106 140 119 140 148 125 124 125 114 127,	upstream;downstream gene761_lysZ,gene762_lysQ,gene763_nadA;gene755_ybgF,gene756_lysT,gene757_valT,gene758_lysW,gene759_valZ,gene760_lysY
MG1655,	786457,	C->A,	0.0 100.0 200.0 300.0 400.0 500.0 600.0 700.0 800.0 900.0 1000.0,	1 1 1 6 1 0 0 2 0 1 0,	133 83 113 99 117 118 102 94 95 112 95,	nonsynonymous SNV gene767_aroG:gene767_aroG:exon1:c.C825A:p.F275L, MG1655
MG1655,	4407885,	C->A,	0.0 100.0 200.0 300.0 400.0 500.0 600.0 700.0 800.0 900.0 1000.0,	2 1 2 3 5 2 6 1 3 1 2,	75 81 111 80 122 96 104 124 131 111 95,	nonsynonymous SNV gene4270_rnr:gene4270_rnr:exon1:c.C2417A:p.A806E, MG1655
MG1655,	4407887,	G->A,	0.0 100.0 200.0 300.0 400.0 500.0 600.0 700.0 800.0 900.0 1000.0,	2 1 3 1 8 1 4 2 1 2 1,	80 87 110 82 132 98 105 127 129 117 99,	nonsynonymous SNV gene4270_rnr:gene4270_rnr:exon1:c.G2419A:p.A807T, MG1655
MG1655,	4407888,	C->A,	0.0 100.0 200.0 300.0 400.0 500.0 600.0 700.0 800.0 900.0 1000.0,	4 4 3 3 9 3 8 5 3 2 5,	81 87 108 85 131 97 102 125 129 114 100,	nonsynonymous SNV gene4270_rnr:gene4270_rnr:exon1:c.C2420A:p.A807E, MG1655
MG1655,	4407892,	G->A,	0.0 100.0 200.0 300.0 400.0 500.0 600.0 700.0 800.0 900.0 1000.0,	3 2 4 1 6 2 7 3 3 2 4,	88 95 120 93 134 107 111 134 134 125 104,	synonymous SNV gene4270_rnr:gene4270_rnr:exon1:c.G2424A:p.K808K, MG1655
MG1655,	4408859,	indel;G-1;G+T;G+TT,	0.0 100.0 200.0 300.0 400.0 500.0 600.0 700.0 800.0 900.0 1000.0,	2 7 3 3 10 6 8 3 4 1 8,	142 176 178 144 174 199 213 192 168 140 183,	upstream;downstream gene4272_yjfI,gene4273_yjfJ;gene4270_rnr,gene4271_rlmB
MG1655,	4411728,	C->A,	0.0 100.0 200.0 300.0 400.0 500.0 600.0 700.0 800.0 900.0 1000.0,	1 3 0 2 1 0 1 0 1 0 0,	112 59 84 95 143 88 115 97 113 101 107,	nonsynonymous SNV gene4276_yjfM:gene4276_yjfM:exon1:c.C527A:p.S176Y, MG1655
MG1655,	4411732,	C->A,	0.0 100.0 200.0 300.0 400.0 500.0 600.0 700.0 800.0 900.0 1000.0,	1 5 1 3 0 0 1 0 2 1 1,	116 65 83 99 145 87 107 100 115 96 107,	synonymous SNV gene4276_yjfM:gene4276_yjfM:exon1:c.C531A:p.G177G, MG1655
MG1655,	4418546,	G->T,	0.0 100.0 200.0 300.0 400.0 500.0 600.0 700.0 800.0 900.0 1000.0,	4 1 10 3 3 4 6 4 6 3 3,	188 144 193 156 193 183 173 181 178 134 173,	upstream gene4283_ulaG,gene4284_ulaA
MG1655,	4450684,	G->A,	0.0 100.0 200.0 300.0 400.0 500.0 600.0 700.0 800.0 900.0 1000.0,	2 1 1 0 6 0 1 0 0 1 1,	107 73 87 64 111 98 94 69 95 83 107,	nonsynonymous SNV gene4318_ytfR:gene4318_ytfR:exon1:c.G812A:p.G271D, MG1655
MG1655,	4450685,	C->A,	0.0 100.0 200.0 300.0 400.0 500.0 600.0 700.0 800.0 900.0 1000.0,	2 1 2 2 6 0 2 0 1 4 1,	103 71 87 65 119 100 92 70 97 86 110,	synonymous SNV gene4318_ytfR:gene4318_ytfR:exon1:c.C813A:p.G271G, MG1655
MG1655,	4454843,	C->A,	0.0 100.0 200.0 300.0 400.0 500.0 600.0 700.0 800.0 900.0 1000.0,	0 1 0 1 3 6 3 2 3 1 2,	140 85 112 107 152 118 132 134 116 113 112,	nonsynonymous SNV gene4322_mpl:gene4322_mpl:exon1:c.C244A:p.L82M, MG1655
MG1655,	4492882,	C->A,	0.0 100.0 200.0 300.0 400.0 500.0 600.0 700.0 800.0 900.0 1000.0,	2 4 6 3 6 5 5 6 5 8 5,	167 171 177 201 212 189 189 203 172 141 186,	nonsynonymous SNV gene4355_idnD:gene4355_idnD:exon1:c.G340T:p.G114C, MG1655
MG1655,	4504997,	C->A,	0.0 100.0 200.0 300.0 400.0 500.0 600.0 700.0 800.0 900.0 1000.0,	4 6 6 4 6 8 2 11 5 6 5,	228 205 169 185 216 188 205 204 190 132 211,	nonsynonymous SNV gene4366_yjhC:gene4366_yjhC:exon1:c.C896A:p.P299Q, MG1655
MG1655,	4537052,	C->T,	0.0 100.0 200.0 300.0 400.0 500.0 600.0 700.0 800.0 900.0 1000.0,	3 1 10 0 0 1 4 0 1 3 1,	212 163 200 151 198 187 205 198 177 148 180,	nonsynonymous SNV gene4403_nanM:gene4403_nanM:exon1:c.G529A:p.D177N, MG1655
MG1655,	4543901,	C->A,	0.0 100.0 200.0 300.0 400.0 500.0 600.0 700.0 800.0 900.0 1000.0,	0 2 84 48 53 73 124 127 132 117 121,	166 125 136 120 164 143 155 159 141 121 135,	upstream;downstream gene4410_fimD;gene4408_fimI,gene4409_fimC
MG1655,	4555575,	indel;G-2;G-1;G+T,	0.0 100.0 200.0 300.0 400.0 500.0 600.0 700.0 800.0 900.0 1000.0,	7 3 7 4 9 7 1 7 7 6 4,	149 148 170 160 171 182 162 158 152 148 150,	upstream;downstream gene4418_yjiC,gene4419_iraD;gene4420_hypT
MG1655,	4555585,	G->T,	0.0 100.0 200.0 300.0 400.0 500.0 600.0 700.0 800.0 900.0 1000.0,	4 8 7 7 13 8 4 4 7 7 10,	148 142 144 143 152 158 150 149 140 125 137,	upstream;downstream gene4418_yjiC,gene4419_iraD;gene4420_hypT
MG1655,	4555586,	A->T,	0.0 100.0 200.0 300.0 400.0 500.0 600.0 700.0 800.0 900.0 1000.0,	4 8 0 3 8 5 2 2 6 1 4,	142 137 140 133 144 158 148 152 130 123 127,	upstream;downstream gene4418_yjiC,gene4419_iraD;gene4420_hypT
MG1655,	4555587,	G->T,	0.0 100.0 200.0 300.0 400.0 500.0 600.0 700.0 800.0 900.0 1000.0,	2 2 2 2 9 4 3 1 5 1 4,	136 131 140 131 148 160 143 149 132 128 136,	upstream;downstream gene4418_yjiC,gene4419_iraD;gene4420_hypT
MG1655,	4555591,	G->T,	0.0 100.0 200.0 300.0 400.0 500.0 600.0 700.0 800.0 900.0 1000.0,	1 3 2 2 8 5 2 3 4 1 3,	142 140 155 149 151 162 153 159 139 125 139,	upstream;downstream gene4418_yjiC,gene4419_iraD;gene4420_hypT
MG1655,	4583404,	G->T,	0.0 100.0 200.0 300.0 400.0 500.0 600.0 700.0 800.0 900.0 1000.0,	3 1 1 8 3 3 0 1 2 1 3,	132 105 144 121 158 138 118 112 117 85 127,	nonsynonymous SNV gene4442_hsdR:gene4442_hsdR:exon1:c.C2173A:p.Q725K, MG1655
MG1655,	4608019,	A->C,	0.0 100.0 200.0 300.0 400.0 500.0 600.0 700.0 800.0 900.0 1000.0,	0 0 1 4 0 0 1 0 2 0 0,	96 66 76 77 104 98 109 100 105 90 102,	nonsynonymous SNV gene4467_yjjG:gene4467_yjjG:exon1:c.A559C:p.N187H, MG1655
MG1655,	4636547,	C->A,	0.0 100.0 200.0 300.0 400.0 500.0 600.0 700.0 800.0 900.0 1000.0,	4 3 3 3 1 6 2 1 1 1 5,	118 75 79 107 115 96 97 92 78 85 111,	nonsynonymous SNV gene4493_creC:gene4493_creC:exon1:c.C1037A:p.A346E, MG1655
MG1655,	4636549,	indel;G+A;G-1;G+AA,	0.0 100.0 200.0 300.0 400.0 500.0 600.0 700.0 800.0 900.0 1000.0,	3 1 1 1 3 2 5 6 1 5 1,	121 80 83 106 124 103 99 94 78 87 115,	frameshift substitution gene4493_creC:gene4493_creC:exon1:c.1039_1039delinsGAA, MG1655
MG1655,	832454,	A->C,	0.0 100.0 200.0 300.0 400.0 500.0 600.0 700.0 800.0 900.0 1000.0,	0 0 2 1 1 1 0 0 6 1 2,	130 106 107 118 119 116 106 111 120 99 109,	upstream;downstream gene812_dinG;gene810_rhlE,gene811_ybiA
MG1655,	833289,	G->A,	0.0 100.0 200.0 300.0 400.0 500.0 600.0 700.0 800.0 900.0 1000.0,	3 4 1 1 0 0 1 0 0 5 1,	101 80 109 102 108 86 70 75 79 83 85,	nonsynonymous SNV gene812_dinG:gene812_dinG:exon1:c.G220A:p.E74K, MG1655
MG1655,	833292,	G->A,	0.0 100.0 200.0 300.0 400.0 500.0 600.0 700.0 800.0 900.0 1000.0,	2 4 0 1 0 1 2 0 0 3 2,	96 80 111 98 104 93 71 76 77 79 84,	nonsynonymous SNV gene812_dinG:gene812_dinG:exon1:c.G223A:p.E75K, MG1655
MG1655,	833295,	C->A,	0.0 100.0 200.0 300.0 400.0 500.0 600.0 700.0 800.0 900.0 1000.0,	2 5 2 1 1 2 2 3 1 3 3,	97 84 118 106 115 98 74 78 80 79 91,	nonsynonymous SNV gene812_dinG:gene812_dinG:exon1:c.C226A:p.Q76K, MG1655
MG1655,	833694,	G->T,	0.0 100.0 200.0 300.0 400.0 500.0 600.0 700.0 800.0 900.0 1000.0,	3 1 2 2 3 3 2 6 2 5 3,	154 136 129 108 118 133 117 116 113 108 98,	nonsynonymous SNV gene812_dinG:gene812_dinG:exon1:c.G625T:p.V209F, MG1655
MG1655,	834662,	C->A,	0.0 100.0 200.0 300.0 400.0 500.0 600.0 700.0 800.0 900.0 1000.0,	2 1 4 1 4 1 3 5 3 1 2,	132 90 92 98 102 91 76 95 107 102 95,	nonsynonymous SNV gene812_dinG:gene812_dinG:exon1:c.C1593A:p.S531R, MG1655
MG1655,	847291,	G->T,	0.0 100.0 200.0 300.0 400.0 500.0 600.0 700.0 800.0 900.0 1000.0,	3 3 7 1 2 2 2 3 2 3 2,	166 109 139 170 159 160 112 125 127 126 122,	synonymous SNV gene824_glnH:gene824_glnH:exon1:c.C714A:p.I238I, MG1655
MG1655,	876189,	C->A,	0.0 100.0 200.0 300.0 400.0 500.0 600.0 700.0 800.0 900.0 1000.0,	2 2 1 4 1 4 1 7 5 2 3,	167 129 146 131 133 134 96 133 147 147 132,	synonymous SNV gene847_yliF:gene847_yliF:exon1:c.C855A:p.V285V, MG1655
MG1655,	880704,	G->T,	0.0 100.0 200.0 300.0 400.0 500.0 600.0 700.0 800.0 900.0 1000.0,	4 5 2 1 5 1 3 5 4 0 1,	139 92 136 123 147 105 88 124 97 103 83,	upstream;downstream gene851_gstB,gene852_dacC;gene850_yliI
MG1655,	893868,	C->A,	0.0 100.0 200.0 300.0 400.0 500.0 600.0 700.0 800.0 900.0 1000.0,	4 3 7 3 5 3 3 4 1 8 4,	128 129 146 128 147 138 125 111 143 136 134,	nonsynonymous SNV gene868_potF:gene868_potF:exon1:c.C85A:p.Q29K, MG1655
MG1655,	947068,	G->T,	0.0 100.0 200.0 300.0 400.0 500.0 600.0 700.0 800.0 900.0 1000.0,	5 2 7 5 4 2 1 2 3 4 2,	135 96 137 126 128 104 110 95 115 96 93,	upstream;downstream gene913_ycaM;gene912_ycaD
MG1655,	950796,	G->T,	0.0 100.0 200.0 300.0 400.0 500.0 600.0 700.0 800.0 900.0 1000.0,	5 1 0 1 7 2 0 1 2 3 0,	144 121 118 96 132 118 105 113 113 118 95,	stopgain gene916_pflA:gene916_pflA:exon1:c.C285A:p.C95X, MG1655
MG1655,	950799,	G->T,	0.0 100.0 200.0 300.0 400.0 500.0 600.0 700.0 800.0 900.0 1000.0,	4 1 0 2 7 1 0 0 1 0 2,	138 111 115 92 128 118 92 96 100 104 86,	synonymous SNV gene916_pflA:gene916_pflA:exon1:c.C282A:p.A94A, MG1655
MG1655,	976383,	G->T,	0.0 100.0 200.0 300.0 400.0 500.0 600.0 700.0 800.0 900.0 1000.0,	3 3 4 0 3 0 1 0 1 5 1,	111 76 92 63 86 97 72 67 82 98 64,	nonsynonymous SNV gene938_mukB:gene938_mukB:exon1:c.G58T:p.A20S, MG1655
MG1655,	977686,	C->A,	0.0 100.0 200.0 300.0 400.0 500.0 600.0 700.0 800.0 900.0 1000.0,	1 1 4 2 1 0 0 1 0 0 1,	101 83 78 91 113 69 68 64 85 69 69,	nonsynonymous SNV gene938_mukB:gene938_mukB:exon1:c.C1361A:p.A454E, MG1655
MG1655,	987162,	C->A,	0.0 100.0 200.0 300.0 400.0 500.0 600.0 700.0 800.0 900.0 1000.0,	4 8 4 2 2 3 4 2 2 1 0,	144 120 131 110 127 117 100 103 127 103 112,	upstream;downstream gene943_ompF;gene944_asnS
MG1655,	1016112,	G->T,	0.0 100.0 200.0 300.0 400.0 500.0 600.0 700.0 800.0 900.0 1000.0,	6 4 2 3 4 2 2 1 3 2 1,	120 99 113 105 97 124 89 96 110 94 96,	nonsynonymous SNV gene968_fabA:gene968_fabA:exon1:c.C359A:p.P120Q, MG1655
MG1655,	1029725,	C->A,	0.0 100.0 200.0 300.0 400.0 500.0 600.0 700.0 800.0 900.0 1000.0,	2 1 0 1 2 2 2 2 4 0 3,	103 76 69 72 74 58 65 75 70 63 63,	nonsynonymous SNV gene981_rlmI:gene981_rlmI:exon1:c.G245T:p.R82L, MG1655
MG1655,	1029728,	C->A,	0.0 100.0 200.0 300.0 400.0 500.0 600.0 700.0 800.0 900.0 1000.0,	2 1 0 1 3 3 0 1 2 2 3,	95 68 59 65 65 52 54 66 57 56 57,	nonsynonymous SNV gene981_rlmI:gene981_rlmI:exon1:c.G242T:p.R81L, MG1655
MG1655,	1029730,	G->A,	0.0 100.0 200.0 300.0 400.0 500.0 600.0 700.0 800.0 900.0 1000.0,	1 0 0 0 1 2 2 1 3 0 1,	92 70 60 67 65 51 55 68 60 57 56,	synonymous SNV gene981_rlmI:gene981_rlmI:exon1:c.C240T:p.S80S, MG1655
MG1655,	1066987,	G->T,	0.0 100.0 200.0 300.0 400.0 500.0 600.0 700.0 800.0 900.0 1000.0,	0 3 3 0 1 3 1 1 2 5 2,	137 69 107 99 124 107 83 97 107 96 87,	nonsynonymous SNV gene1020_yccJ:gene1020_yccJ:exon1:c.C105A:p.D35E, MG1655
MG1655,	1075837,	G->T,	0.0 100.0 200.0 300.0 400.0 500.0 600.0 700.0 800.0 900.0 1000.0,	1 2 5 0 3 2 1 4 0 4 2,	145 89 94 121 111 102 98 96 120 109 81,	nonsynonymous SNV gene1031_putA:gene1031_putA:exon1:c.C3046A:p.Q1016K, MG1655
MG1655,	1116638,	G->T,	0.0 100.0 200.0 300.0 400.0 500.0 600.0 700.0 800.0 900.0 1000.0,	3 2 0 2 6 6 2 3 1 4 3,	163 145 134 138 120 147 112 122 123 91 121,	upstream gene1067_lpxL,gene1068_yceA
MG1655,	1199935,	G->A,	0.0 100.0 200.0 300.0 400.0 500.0 600.0 700.0 800.0 900.0 1000.0,	4 3 5 5 5 3 1 2 6 6 9,	241 155 212 186 172 158 139 159 150 143 163,	nonsynonymous SNV gene1154_intE:gene1154_intE:exon1:c.C872T:p.S291L, MG1655
MG1655,	1199938,	C->A,	0.0 100.0 200.0 300.0 400.0 500.0 600.0 700.0 800.0 900.0 1000.0,	3 3 6 6 5 2 1 3 8 8 10,	246 160 212 192 179 155 142 166 151 152 170,	nonsynonymous SNV gene1154_intE:gene1154_intE:exon1:c.G869T:p.R290L, MG1655
MG1655,	1199939,	G->A,	0.0 100.0 200.0 300.0 400.0 500.0 600.0 700.0 800.0 900.0 1000.0,	3 3 4 3 4 4 0 5 6 5 9,	255 164 220 189 176 161 142 174 153 153 171,	nonsynonymous SNV gene1154_intE:gene1154_intE:exon1:c.C868T:p.R290C, MG1655
MG1655,	1,	junction_1_1_4640467_-1,	0 100 200 300 400 500 600 700 800 900 1000,	154 139 140 116 144 135 151 157 123 110 134,	154.0 139.0 140.0 116.0 144.0 135.0 151.0 157.0 123.0 110.0 134.0
MG1655,	257907,	junction_257907_-1_258684_1,	0 100 200 300 400 500 600 700 800 900 1000,	121 104 115 89 127 105 105 97 105 125 123,	121.0 104.0 115.0 89.0 127.0 105.0 105.0 97.0 105.0 125.0 123.0
MG1655,	579211,	junction_579211_1_IS5B_start,	0 100 200 300 400 500 600 700 800 900 1000,	0 0 0 0 0 0 4 47 101 173 209,	375.0 398.0 380.0 313.0 338.0 308.0 309.0 295.0 257.0 192.0 247.0
MG1655,	696414,	junction_696414_1_696542_1,	0 100 200 300 400 500 600 700 800 900 1000,	12 0 2 9 4 4 4 5 1 4 6,	161.6 96.6 155.0 148.4 170.1 147.7 158.5 137.9 142.7 120.7 115.7
MG1655,	781222,	junction_781222_-1_REP173 (repetitive extragenic palindromic) element_start,	0 100 200 300 400 500 600 700 800 900 1000,	1 0 1 1 0 1 0 4 8 8 0,	166.2 106.5 131.0 117.3 128.0 132.9 116.3 114.4 103.7 137.0 121.2
MG1655,	781446,	junction_781446_-1_2521361_-1,	0 100 200 300 400 500 600 700 800 900 1000,	6 16 10 10 7 8 5 0 0 2 7,	262.0 203.0 229.0 227.0 244.0 203.0 212.0 197.0 229.0 205.0 198.0
MG1655,	781839,	junction_781839_-1_REP70 (repetitive extragenic palindromic) element_start,	0 100 200 300 400 500 600 700 800 900 1000,	5 0 5 1 6 4 3 6 2 3 8,	117.2 85.8 110.9 92.7 102.2 105.5 111.5 93.5 105.1 111.5 141.0
MG1655,	1207790,	junction_1207790_1_1209619_1,	0 100 200 300 400 500 600 700 800 900 1000,	155 93 86 82 81 91 71 52 58 61 63,	205.4 196.7 213.9 203.5 215.3 190.1 165.9 153.5 164.0 153.5 176.8
MG1655,	1207805,	junction_1207805_-1_1209602_-1,	0 100 200 300 400 500 600 700 800 900 1000,	83 46 49 45 43 35 46 30 38 37 33,	135.1 157.9 179.4 168.1 180.5 139.0 142.5 139.6 146.4 132.8 150.1
MG1655,	1299498,	junction_1299498_-1_1300698_1,	0 100 200 300 400 500 600 700 800 900 1000,	245 208 217 191 155 179 134 174 175 135 172,	245.0 208.0 217.0 191.0 155.0 179.0 134.0 174.0 175.0 135.0 172.0
MG1655,	1590601,	junction_1590601_1_IS2D_start,	0 100 200 300 400 500 600 700 800 900 1000,	0 0 0 0 0 0 0 4 31 150 130,	273.0 264.0 259.0 230.0 213.0 206.0 182.0 163.0 195.0 173.0 151.0
MG1655,	1590605,	junction_1590605_-1_IS2E_end,	0 100 200 300 400 500 600 700 800 900 1000,	0 0 0 0 0 0 1 1 27 114 116,	279.0 273.0 261.0 233.0 218.0 210.0 188.0 167.0 193.0 136.0 138.0
MG1655,	1777231,	junction_1777231_-1_IS1D_end,	0 100 200 300 400 500 600 700 800 900 1000,	158 154 153 138 132 92 125 115 121 114 106,	160.0 155.0 153.0 138.0 132.0 92.0 125.0 115.0 121.0 114.0 107.0
MG1655,	1784297,	junction_1784297_1_IS1H_start,	0 100 200 300 400 500 600 700 800 900 1000,	167 123 137 130 121 121 83 86 113 116 105,	167.0 123.0 137.0 130.0 121.0 121.0 84.0 86.0 113.0 116.0 105.0
MG1655,	1978502,	junction_1978502_-1_1979279_1,	0 100 200 300 400 500 600 700 800 900 1000,	174 170 192 156 160 151 152 127 119 119 141,	174.0 170.0 192.0 156.0 160.0 151.0 152.0 127.0 119.0 119.0 141.0
MG1655,	2174199,	junction_2174199_1_IS5K_start,	0 100 200 300 400 500 600 700 800 900 1000,	0 0 0 0 0 0 1 37 57 121 117,	181.0 116.0 141.0 132.0 124.0 132.0 114.0 119.0 139.0 129.0 130.0
MG1655,	2174202,	junction_2174202_-1_IS5I_end,	0 100 200 300 400 500 600 700 800 900 1000,	0 0 0 0 0 0 1 24 39 90 64,	204.0 146.0 166.0 163.0 157.0 150.0 136.0 123.0 128.0 100.0 80.0
MG1655,	2177213,	junction_2177213_1_IS1E_start,	0 100 200 300 400 500 600 700 800 900 1000,	0 0 0 0 0 0 0 4 6 0 0,	119.0 109.0 114.0 122.0 114.0 138.0 99.0 101.0 104.0 124.0 109.0
MG1655,	2177221,	junction_2177221_-1_IS1H_end,	0 100 200 300 400 500 600 700 800 900 1000,	0 0 0 0 0 0 1 7 8 0 0,	111.0 104.0 116.0 118.0 106.0 132.0 95.0 97.0 100.0 121.0 108.0
MG1655,	2856425,	junction_2856425_1_2856451_1,	0 100 200 300 400 500 600 700 800 900 1000,	3 4 9 2 10 5 1 4 3 1 6,	184.1 144.0 171.0 154.6 204.7 144.7 137.0 137.7 175.7 150.9 188.6
MG1655,	3381839,	junction_3381839_1_3381869_1,	0 100 200 300 400 500 600 700 800 900 1000,	4 2 3 1 10 3 6 11 7 4 6,	209.5 149.4 142.1 157.0 240.2 162.5 190.0 192.6 152.3 166.4 203.8
MG1655,	3381847,	junction_3381847_-1_3381859_-1,	0 100 200 300 400 500 600 700 800 900 1000,	6 1 3 2 2 3 1 4 10 1 1,	209.7 142.1 139.4 157.1 218.7 158.0 182.3 187.4 151.7 160.7 199.6
MG1655,	3423318,	junction_3423318_1_4171838_-1,	0 100 200 300 400 500 600 700 800 900 1000,	3 2 5 4 2 2 3 9 5 5 3,	128.9 75.9 89.1 103.8 127.0 94.6 112.1 116.7 99.1 114.1 104.1
MG1655,	3619892,	junction_3619892_1_RIP260 (repetitive extragenic palindromic) element_start,	0 100 200 300 400 500 600 700 800 900 1000,	15 7 12 10 14 11 3 19 15 13 15,	15.0 7.0 12.0 10.0 14.0 11.0 3.0 19.0 15.0 13.0 15.0
MG1655,	3806400,	indel;-30,	0 100 200 300 400 500 600 700 800 900 1000,	8 6 7 7 10 6 14 14 7 12 14,	132.0 124.0 128.0 115.5 167.5 151.5 136.5 159.5 140.5 127.0 120.5
MG1655,	3810320,	junction_3810320_-1_3810324_-1,	0 100 200 300 400 500 600 700 800 900 1000,	2 0 5 8 3 3 6 5 4 4 2,	187.5 108.6 161.8 153.0 248.0 181.6 168.8 236.5 263.3 197.9 147.6
MG1655,	4040741,	junction_4040741_-1_4171838_-1,	0 100 200 300 400 500 600 700 800 900 1000,	0 5 11 0 5 16 0 1 0 5 8,	31.5 32.2 35.0 29.0 40.3 45.8 31.0 35.1 32.2 41.4 36.4
MG1655,	4040789,	junction_4040789_-1_REP292 (repetitive extragenic palindromic) element_start,	0 100 200 300 400 500 600 700 800 900 1000,	6 0 1 1 1 2 1 1 2 3 0,	27.8 8.2 15.5 16.4 25.5 12.9 24.6 25.5 22.9 25.7 16.4
MG1655,	4040840,	junction_4040840_-1_REP292 (repetitive extragenic palindromic) element_start,	0 100 200 300 400 500 600 700 800 900 1000,	7 1 1 3 2 2 1 2 3 2 4,	104.6 55.1 75.5 70.3 102.2 72.9 94.1 100.4 93.3 94.2 102.4
MG1655,	4067707,	junction_4067707_1_4067734_1,	0 100 200 300 400 500 600 700 800 900 1000,	9 1 10 3 6 8 2 1 7 9 8,	175.3 139.4 215.8 195.9 222.2 231.9 183.6 196.4 176.2 183.6 232.1
MG1655,	4168352,	junction_4168352_1_REP311 (repetitive extragenic palindromic) element_start,	0 100 200 300 400 500 600 700 800 900 1000,	38 24 30 39 32 36 40 32 25 24 36,	38.0 25.5 30.0 39.0 32.0 36.0 40.0 32.0 25.0 24.0 36.0
MG1655,	4171847,	junction_4171847_-1_4171852_-1,	0 100 200 300 400 500 600 700 800 900 1000,	12 0 0 9 0 0 10 7 12 0 0,	37.2 30.0 22.5 39.9 33.0 33.1 45.8 49.3 41.2 35.8 32.6
MG1655,	4297124,	junction_4297124_-1_4297140_-1,	0 100 200 300 400 500 600 700 800 900 1000,	4 8 8 4 11 8 7 6 8 6 5,	156.7 145.8 196.5 173.1 247.6 161.8 176.2 202.5 196.4 195.7 177.9
MG1655,	4384163,	junction_4384163_1_4384190_1,	0 100 200 300 400 500 600 700 800 900 1000,	11 12 6 9 7 7 8 11 15 4 5,	312.0 206.5 221.0 246.7 287.6 310.6 257.4 259.1 311.1 239.1 240.6
MG1655,	4540835,	junction_4540835_1_IS5K_start,	0 100 200 300 400 500 600 700 800 900 1000,	0 0 117 81 57 86 117 150 171 138 178,	211.0 216.0 220.0 235.0 245.0 228.0 171.0 219.0 192.0 143.0 213.0
MG1655,	4540839,	junction_4540839_-1_IS5K_end,	0 100 200 300 400 500 600 700 800 900 1000,	7 8 112 61 53 98 134 127 157 153 157,	216.6 210.7 204.9 199.4 231.9 243.3 187.4 195.2 179.7 157.9 186.7
MG1655,	4540976,	junction_4540976_1_IS5K_start,	0 100 200 300 400 500 600 700 800 900 1000,	12 15 17 19 10 9 13 8 13 2 1,	223.0 182.0 223.0 190.0 204.0 201.0 188.0 222.0 188.0 162.0 199.0
MG1655,	4541123,	junction_4541123_1_IS5T_start,	0 100 200 300 400 500 600 700 800 900 1000,	0 77 39 38 35 20 6 3 0 0 0,	147.0 125.0 144.0 125.0 161.0 134.0 112.0 115.0 140.0 114.0 116.0
MG1655,	4541126,	junction_4541126_-1_IS5T_end,	0 100 200 300 400 500 600 700 800 900 1000,	0 35 30 25 20 14 3 0 0 0 2,	145.0 84.0 137.0 115.0 146.0 123.0 112.0 113.0 139.0 112.0 118.0
MG1655,	4541497,	junction_4541497_1_4541811_1,	0 100 200 300 400 500 600 700 800 900 1000,	22 51 92 101 111 121 103 126 132 109 111,	289.4 146.4 149.4 159.1 161.2 165.7 128.6 138.4 166.0 134.3 148.1
MG1655,	4541505,	junction_4541505_-1_4541801_-1,	0 100 200 300 400 500 600 700 800 900 1000,	23 93 110 98 119 141 157 142 143 108 123,	286.8 189.3 167.4 157.0 171.9 186.6 180.8 154.4 177.9 131.5 160.1
MG1655,	4541646,	junction_4541646_1_IS5K_end,	0 100 200 300 400 500 600 700 800 900 1000,	0 4 5 59 74 67 19 48 8 2 15,	177.0 153.0 163.0 175.0 175.0 211.0 193.0 210.0 204.0 163.0 190.0
MG1655,	4541649,	junction_4541649_-1_IS5K_start,	0 100 200 300 400 500 600 700 800 900 1000,	8 7 9 52 89 76 31 49 23 12 19,	207.0 169.0 183.0 183.0 202.0 232.0 221.0 229.0 233.0 187.0 213.0
